accuracy: 0.3281853281853282
time_fit: 165.54762840270996
time_predict: 2.414534568786621