accuracy: 0.38223938223938225
time_fit: 179.0677456855774
time_predict: 2.336390733718872