accuracy: 0.36293436293436293
time_fit: 223.9147219657898
time_predict: 2.050690174102783