accuracy: 0.3474903474903475
time_fit: 154.79967308044434
time_predict: 1.9705369472503662