accuracy: 0.3552123552123552
time_fit: 192.94180250167847
time_predict: 2.0866358280181885