accuracy: 0.3552123552123552
time_fit: 164.4143488407135
time_predict: 2.2055623531341553