accuracy: 0.3552123552123552
time_fit: 129.8770558834076
time_predict: 1.992626428604126