accuracy: 0.3281853281853282
time_fit: 162.4382712841034
time_predict: 2.3153908252716064