accuracy: 0.35135135135135137
time_fit: 283.44233679771423
time_predict: 1.9337522983551025