accuracy: 0.3938223938223938
time_fit: 157.15983605384827
time_predict: 2.0102930068969727