accuracy: 0.3667953667953668
time_fit: 152.5689079761505
time_predict: 2.2124016284942627