accuracy: 0.3436293436293436
time_fit: 179.1667811870575
time_predict: 1.9698817729949951