accuracy: 0.3783783783783784
time_fit: 193.87495493888855
time_predict: 2.179424524307251