accuracy: 0.33976833976833976
time_fit: 131.29296970367432
time_predict: 2.208855390548706