accuracy: 0.3436293436293436
time_fit: 147.63794803619385
time_predict: 1.9749364852905273