accuracy: 0.33204633204633205
time_fit: 136.37320756912231
time_predict: 2.3781256675720215