accuracy: 0.3861003861003861
time_fit: 155.61505699157715
time_predict: 1.9340755939483643