accuracy: 0.3938223938223938
time_fit: 187.67599987983704
time_predict: 2.099864959716797