accuracy: 0.3474903474903475
time_fit: 145.4776680469513
time_predict: 2.1408002376556396