accuracy: 0.3204633204633205
time_fit: 183.5643606185913
time_predict: 2.0583794116973877