accuracy: 0.33976833976833976
time_fit: 133.6843650341034
time_predict: 2.0074596405029297