accuracy: 0.38223938223938225
time_fit: 154.88262844085693
time_predict: 2.153390884399414