accuracy: 0.39768339768339767
time_fit: 159.22151732444763
time_predict: 1.9763262271881104