accuracy: 0.38996138996138996
time_fit: 148.81427884101868
time_predict: 2.2436134815216064