accuracy: 0.3088803088803089
time_fit: 143.1618447303772
time_predict: 2.061499834060669