accuracy: 0.49034749034749037
time_fit: 13.513124942779541
time_predict: 0.11883831024169922