accuracy: 0.49034749034749037
time_fit: 11.012037754058838
time_predict: 0.14192795753479004