accuracy: 0.5173745173745173
time_fit: 10.27692437171936
time_predict: 0.11212491989135742