accuracy: 0.4942084942084942
time_fit: 13.50862979888916
time_predict: 0.16679859161376953