accuracy: 0.525096525096525
time_fit: 12.822271823883057
time_predict: 0.13078713417053223