accuracy: 0.4864864864864865
time_fit: 13.149362564086914
time_predict: 0.13046526908874512