accuracy: 0.5096525096525096
time_fit: 12.781712293624878
time_predict: 0.15337491035461426