accuracy: 0.5212355212355212
time_fit: 12.661550998687744
time_predict: 0.13408184051513672