accuracy: 0.47104247104247104
time_fit: 11.200169086456299
time_predict: 0.1178286075592041