accuracy: 0.5019305019305019
time_fit: 10.689447402954102
time_predict: 0.12699675559997559