accuracy: 0.5366795366795367
time_fit: 11.512806177139282
time_predict: 0.18882465362548828