accuracy: 0.5019305019305019
time_fit: 13.784806966781616
time_predict: 0.17479491233825684