accuracy: 0.47104247104247104
time_fit: 13.364199161529541
time_predict: 0.1408250331878662