accuracy: 0.46332046332046334
time_fit: 10.318963050842285
time_predict: 0.11444306373596191