accuracy: 0.5135135135135135
time_fit: 13.14541745185852
time_predict: 0.13596892356872559