accuracy: 0.5096525096525096
time_fit: 12.88631796836853
time_predict: 0.12451767921447754