accuracy: 0.5096525096525096
time_fit: 12.33592176437378
time_predict: 0.115386962890625