accuracy: 0.47104247104247104
time_fit: 10.533841371536255
time_predict: 0.1299440860748291