accuracy: 0.4864864864864865
time_fit: 13.68755578994751
time_predict: 0.14827775955200195