accuracy: 0.5019305019305019
time_fit: 10.398645162582397
time_predict: 0.12848544120788574