accuracy: 0.5096525096525096
time_fit: 10.140522003173828
time_predict: 0.12249374389648438