accuracy: 0.5135135135135135
time_fit: 13.584318399429321
time_predict: 0.12068581581115723