accuracy: 0.4864864864864865
time_fit: 10.783049583435059
time_predict: 0.1372542381286621