accuracy: 0.5212355212355212
time_fit: 12.839900016784668
time_predict: 0.12050414085388184