accuracy: 0.4671814671814672
time_fit: 13.314819812774658
time_predict: 0.13742947578430176