accuracy: 0.47104247104247104
time_fit: 8.389715671539307
time_predict: 0.12636804580688477