accuracy: 0.4594594594594595
time_fit: 7.739838600158691
time_predict: 0.10188150405883789