accuracy: 0.5405405405405406
time_fit: 8.778358459472656
time_predict: 0.11471104621887207