accuracy: 0.46332046332046334
time_fit: 8.69744348526001
time_predict: 0.10245084762573242