accuracy: 0.4749034749034749
time_fit: 8.169721841812134
time_predict: 0.10910320281982422