accuracy: 0.525096525096525
time_fit: 7.3119659423828125
time_predict: 0.09574127197265625