accuracy: 0.4942084942084942
time_fit: 7.551534175872803
time_predict: 0.11786413192749023