accuracy: 0.5057915057915058
time_fit: 8.222779512405396
time_predict: 0.11664152145385742