accuracy: 0.5019305019305019
time_fit: 7.262267351150513
time_predict: 0.0895392894744873