accuracy: 0.4826254826254826
time_fit: 8.221246480941772
time_predict: 0.11736035346984863