accuracy: 0.4942084942084942
time_fit: 7.600003719329834
time_predict: 0.10015153884887695