accuracy: 0.49034749034749037
time_fit: 7.884563684463501
time_predict: 0.10845208168029785