accuracy: 0.5096525096525096
time_fit: 8.224579572677612
time_predict: 0.11499762535095215