accuracy: 0.4749034749034749
time_fit: 6.6139891147613525
time_predict: 0.09565353393554688