accuracy: 0.4826254826254826
time_fit: 7.376954555511475
time_predict: 0.10721373558044434