accuracy: 0.4942084942084942
time_fit: 11.605465173721313
time_predict: 0.11176538467407227