accuracy: 0.4980694980694981
time_fit: 14.699039220809937
time_predict: 0.1541585922241211