accuracy: 0.5096525096525096
time_fit: 12.99473762512207
time_predict: 0.1172628402709961