accuracy: 0.47876447876447875
time_fit: 14.718955278396606
time_predict: 0.14146685600280762