accuracy: 0.525096525096525
time_fit: 14.096907615661621
time_predict: 0.13880705833435059