accuracy: 0.5019305019305019
time_fit: 9.030224084854126
time_predict: 0.09116697311401367