accuracy: 0.47104247104247104
time_fit: 9.3299880027771
time_predict: 0.11530447006225586