accuracy: 0.528957528957529
time_fit: 9.718571662902832
time_predict: 0.14385771751403809