accuracy: 0.5096525096525096
time_fit: 8.39879298210144
time_predict: 0.10655927658081055