accuracy: 0.49034749034749037
time_fit: 8.598046779632568
time_predict: 0.12801027297973633