accuracy: 0.4942084942084942
time_fit: 7.234950065612793
time_predict: 0.11280417442321777