accuracy: 0.5482625482625483
time_fit: 7.960791826248169
time_predict: 0.12045574188232422