accuracy: 0.5135135135135135
time_fit: 7.441864967346191
time_predict: 0.12457728385925293