accuracy: 0.5173745173745173
time_fit: 7.949233293533325
time_predict: 0.12442231178283691