accuracy: 0.47876447876447875
time_fit: 7.030083894729614
time_predict: 0.10919833183288574