accuracy: 0.5598455598455598
time_fit: 7.487049579620361
time_predict: 0.1109013557434082