accuracy: 0.5212355212355212
time_fit: 6.9132561683654785
time_predict: 0.1267538070678711