accuracy: 0.5096525096525096
time_fit: 7.21540641784668
time_predict: 0.1015312671661377