accuracy: 0.5173745173745173
time_fit: 7.356579780578613
time_predict: 0.11307716369628906