accuracy: 0.4980694980694981
time_fit: 6.560909748077393
time_predict: 0.12480878829956055