accuracy: 0.47104247104247104
time_fit: 7.501115560531616
time_predict: 0.1195991039276123