accuracy: 0.4980694980694981
time_fit: 7.6975884437561035
time_predict: 0.1323564052581787