accuracy: 0.5135135135135135
time_fit: 7.815297842025757
time_predict: 0.11937212944030762