accuracy: 0.5173745173745173
time_fit: 8.073044776916504
time_predict: 0.11361312866210938