accuracy: 0.528957528957529
time_fit: 6.771931886672974
time_predict: 0.09897565841674805