accuracy: 0.5096525096525096
time_fit: 8.516615390777588
time_predict: 0.10423445701599121