accuracy: 0.5135135135135135
time_fit: 7.7793755531311035
time_predict: 0.1122589111328125