accuracy: 0.5212355212355212
time_fit: 8.027570724487305
time_predict: 0.12898874282836914