accuracy: 0.4826254826254826
time_fit: 8.742192506790161
time_predict: 0.13347983360290527