accuracy: 0.4864864864864865
time_fit: 8.313834190368652
time_predict: 0.10854482650756836