accuracy: 0.46332046332046334
time_fit: 7.244438648223877
time_predict: 0.09787726402282715