accuracy: 0.4942084942084942
time_fit: 6.849167346954346
time_predict: 0.10114121437072754