accuracy: 0.4671814671814672
time_fit: 11.29601526260376
time_predict: 0.29567885398864746