accuracy: 0.47104247104247104
time_fit: 8.18152904510498
time_predict: 0.15097284317016602