accuracy: 0.528957528957529
time_fit: 8.566282987594604
time_predict: 0.0924062728881836