epochs: 113
precision: 0.5244401917643233
recall: 0.5044502281344386
f1: 0.5142510208315721
accuracy: 0.47876447876447875
memory_fit: 528.95703125
time_fit: 7.995847702026367
memory_predict: 529.4609375
time_predict: 0.35364723205566406