epochs: 195
precision: 0.5137181325370327
recall: 0.5049876828824197
f1: 0.5093154971295479
accuracy: 0.4826254826254826
memory_fit: 516.86328125
time_fit: 11.91662883758545
memory_predict: 518.63671875
time_predict: 0.44024062156677246