epochs: 144
precision: 0.45152661812508355
recall: 0.44102392733971685
f1: 0.4462134798657141
accuracy: 0.43243243243243246
memory_fit: 1080.72265625
time_fit: 7.968095779418945
memory_predict: 1081.41796875
time_predict: 1.4733660221099854