precision: 0.40434606014313584
recall: 0.37933573249362723
f1: 0.3914418080053615
accuracy: 0.3861003861003861
memory_fit: 1286.78125
time_fit: 3.1040358543395996
memory_predict: 2501.9296875
time_predict: 1.4172556400299072