precision: 0.4269615689004955
recall: 0.4083582888846046
f1: 0.4174527734992452
accuracy: 0.40540540540540543
memory_fit: 947.6015625
time_fit: 3.153395414352417
memory_predict: 1823.77734375
time_predict: 1.348421573638916