epochs: 205
precision: 0.421594464121967
recall: 0.4320538525801684
f1: 0.4267600811398912
accuracy: 0.43243243243243246
memory_fit: 812.71875
time_fit: 11.470280885696411
memory_predict: 813.78125
time_predict: 0.439561128616333