epochs: 211
precision: 0.4496747088950927
recall: 0.41882933830302255
f1: 0.43370427895121655
accuracy: 0.42857142857142855
memory_fit: 1040.2890625
time_fit: 11.940415382385254
memory_predict: 1043.12890625
time_predict: 0.44119906425476074