epochs: 147
precision: 0.41584389508822434
recall: 0.4043484780326886
f1: 0.410015629475551
accuracy: 0.416988416988417
memory_fit: 1060.9921875
time_fit: 8.386135339736938
memory_predict: 1062.58203125
time_predict: 0.41132259368896484