precision: 0.43878925672867164
recall: 0.41080329027697454
f1: 0.4243353382456837
accuracy: 0.41312741312741313
memory_fit: 942.70703125
time_fit: 3.1230897903442383
memory_predict: 1808.75390625
time_predict: 1.371293067932129