epochs: 95
precision: 0.4696800987601518
recall: 0.4341297688666109
f1: 0.4512057679817125
accuracy: 0.41312741312741313
memory_fit: 407.41796875
time_fit: 6.904524803161621
memory_predict: 410.6875
time_predict: 0.36478495597839355