epochs: 245
precision: 0.46458501840452493
recall: 0.4513861577019472
f1: 0.45789049230765455
accuracy: 0.4594594594594595
memory_fit: 1061.86328125
time_fit: 13.463805198669434
memory_predict: 1061.921875
time_predict: 0.4159510135650635