epochs: 85
precision: 0.525647051034048
recall: 0.4757671957671957
f1: 0.49946488025829117
accuracy: 0.444015444015444
memory_fit: 484.66015625
time_fit: 5.747483968734741
memory_predict: 485.32421875
time_predict: 0.33841562271118164