epochs: 147
precision: 0.4360208212839792
recall: 0.4160613071139387
f1: 0.4258072943588068
accuracy: 0.41312741312741313
memory_fit: 801.265625
time_fit: 8.176758527755737
memory_predict: 802.3515625
time_predict: 0.37906908988952637