epochs: 161
precision: 0.5276788456700701
recall: 0.4956924362187519
f1: 0.511185758639868
accuracy: 0.4942084942084942
memory_fit: 933.31640625
time_fit: 9.477186441421509
memory_predict: 933.30078125
time_predict: 0.39304327964782715