precision: 0.5354219535254018
recall: 0.4971486408328514
f1: 0.5155759769290318
accuracy: 0.4980694980694981
memory_fit: 1146.5390625
time_fit: 3.261194944381714
memory_predict: 2229.7265625
time_predict: 1.380115270614624