precision: 0.48297500697945184
recall: 0.45250647987490084
f1: 0.4672445651719324
accuracy: 0.4594594594594595
memory_fit: 759.46484375
time_fit: 3.7273738384246826
memory_predict: 1442.51171875
time_predict: 1.3370702266693115