precision: 0.4545190267346313
recall: 0.43310391363022943
f1: 0.44355313578816274
accuracy: 0.4362934362934363
memory_fit: 959.2578125
time_fit: 3.20053768157959
memory_predict: 1847.06640625
time_predict: 1.324991226196289