precision: 0.5367774917774918
recall: 0.47220272904483435
f1: 0.5024237170885167
accuracy: 0.4555984555984556
memory_fit: 411.5546875
time_fit: 3.166884660720825
memory_predict: 755.28125
time_predict: 1.3620164394378662