epochs: 174
precision: 0.51870124581989
recall: 0.48417753786174833
f1: 0.500845159302165
accuracy: 0.4826254826254826
memory_fit: 947.90234375
time_fit: 10.994248867034912
memory_predict: 932.58984375
time_predict: 0.3880147933959961