precision: 0.49596990311276024
recall: 0.44931773879142295
f1: 0.4714926240362614
accuracy: 0.444015444015444
memory_fit: 742.48046875
time_fit: 3.7282416820526123
memory_predict: 1395.1171875
time_predict: 1.3250300884246826