precision: 0.5203256156263675
recall: 0.47154831523252577
f1: 0.49473760684178275
accuracy: 0.44787644787644787
memory_fit: 443.65234375
time_fit: 3.2634236812591553
memory_predict: 814.5703125
time_predict: 1.2363238334655762