epochs: 184
precision: 0.4767511069539219
recall: 0.44532463637726794
f1: 0.4605023283221938
accuracy: 0.4555984555984556
memory_fit: 683.08984375
time_fit: 11.363067865371704
memory_predict: 677.0859375
time_predict: 0.395751953125