precision: 0.49358600363812577
recall: 0.44981899192425506
f1: 0.4706872650214676
accuracy: 0.46332046332046334
memory_fit: 1126.65234375
time_fit: 3.0639536380767822
memory_predict: 2186.14453125
time_predict: 1.3806400299072266