epochs: 102
precision: 0.4198025767411187
recall: 0.4084362615941563
f1: 0.414041426495693
accuracy: 0.4092664092664093
memory_fit: 802.61328125
time_fit: 6.602607488632202
memory_predict: 802.59375
time_predict: 0.3654611110687256