precision: 0.4230350153071281
recall: 0.3848131011288906
f1: 0.4030198568627511
accuracy: 0.38223938223938225
memory_fit: 959.6328125
time_fit: 3.7562191486358643
memory_predict: 1808.6796875
time_predict: 1.3323488235473633