precision: 0.4463173403332625
recall: 0.42700533384743905
f1: 0.43644781143394984
accuracy: 0.42857142857142855
memory_fit: 974.703125
time_fit: 3.215020179748535
memory_predict: 1876.80078125
time_predict: 1.6995933055877686