epochs: 192
precision: 0.5278079984030106
recall: 0.49840755735492576
f1: 0.5126866256517524
accuracy: 0.4749034749034749
memory_fit: 460.35546875
time_fit: 12.611927270889282
memory_predict: 462.3125
time_predict: 0.3628058433532715