precision: 0.4594072419422312
recall: 0.43453933980249765
f1: 0.4466274018844428
accuracy: 0.43243243243243246
memory_fit: 742.328125
time_fit: 3.177711248397827
memory_predict: 1413.31640625
time_predict: 1.3086674213409424