epochs: 124
precision: 0.5284786882326928
recall: 0.47561981877771353
f1: 0.5006579258313988
accuracy: 0.47876447876447875
memory_fit: 941.9140625
time_fit: 7.064298868179321
memory_predict: 943.53515625
time_predict: 0.39160871505737305