precision: 0.5368474094670698
recall: 0.49864147548358073
f1: 0.517039609515375
accuracy: 0.4749034749034749
memory_fit: 507.94921875
time_fit: 3.1885409355163574
memory_predict: 942.64453125
time_predict: 0.6458783149719238