precision: 0.48785177602911595
recall: 0.3981843497632971
f1: 0.4384808622679898
accuracy: 0.4092664092664093
memory_fit: 731.48828125
time_fit: 3.011401653289795
memory_predict: 1392.12109375
time_predict: 1.3230736255645752