epochs: 114
precision: 0.4277208721326368
recall: 0.3993440867125077
f1: 0.41304567246613655
accuracy: 0.39768339768339767
memory_fit: 809.328125
time_fit: 7.983623266220093
memory_predict: 802.5625
time_predict: 0.3697688579559326