precision: 0.41006948233838997
recall: 0.3856688730372941
f1: 0.39749506619111546
accuracy: 0.3745173745173745
memory_fit: 1308.953125
time_fit: 3.154731035232544
memory_predict: 2548.91796875
time_predict: 1.4426441192626953