epochs: 150
precision: 0.5054108609619461
recall: 0.4702259923312555
f1: 0.4871839820905243
accuracy: 0.47104247104247104
memory_fit: 690.765625
time_fit: 9.937370300292969
memory_predict: 688.12109375
time_predict: 0.3944854736328125