epochs: 191
precision: 0.5225458154943571
recall: 0.48015637384058435
f1: 0.500455083477493
accuracy: 0.49034749034749037
memory_fit: 927.50390625
time_fit: 10.22609543800354
memory_predict: 928.58203125
time_predict: 0.39889001846313477