precision: 0.5002205170118438
recall: 0.45535248377353643
f1: 0.47673313220155283
accuracy: 0.4555984555984556
memory_fit: 1113.5234375
time_fit: 3.185979127883911
memory_predict: 2155.55859375
time_predict: 1.3846549987792969