epochs: 233
precision: 0.4439555081083607
recall: 0.42026347921084767
f1: 0.43178474250190185
accuracy: 0.42857142857142855
memory_fit: 1031.140625
time_fit: 12.470320463180542
memory_predict: 1032.19921875
time_predict: 0.3861055374145508