epochs: 122
precision: 0.493968111089259
recall: 0.4547147783989889
f1: 0.4735293587750578
accuracy: 0.4517374517374517
memory_fit: 677.3125
time_fit: 9.480907917022705
memory_predict: 677.29296875
time_predict: 0.2989206314086914