precision: 0.5364334330223317
recall: 0.4959235696077801
f1: 0.5153836943685806
accuracy: 0.4671814671814672
memory_fit: 467.75390625
time_fit: 3.289398431777954
memory_predict: 861.5703125
time_predict: 1.302220106124878