epochs: 213
precision: 0.5556804168950419
recall: 0.5128800634063791
f1: 0.5334230728248902
accuracy: 0.5135135135135135
memory_fit: 932.8125
time_fit: 11.838757514953613
memory_predict: 932.8046875
time_predict: 0.45899224281311035