precision: 0.43766610591137006
recall: 0.4003892209155367
f1: 0.4181986213976632
accuracy: 0.4015444015444015
memory_fit: 1297.99609375
time_fit: 3.171653985977173
memory_predict: 2524.78515625
time_predict: 1.4093530178070068