precision: 0.452934574610946
recall: 0.4277240108819056
f1: 0.4399684420524078
accuracy: 0.4247104247104247
memory_fit: 1355.07421875
time_fit: 3.251957654953003
memory_predict: 2643.9921875
time_predict: 1.3985459804534912