precision: 0.4524060205781172
recall: 0.41086348349506235
f1: 0.43063519026639274
accuracy: 0.416988416988417
memory_fit: 1109.49609375
time_fit: 3.0839009284973145
memory_predict: 2142.33203125
time_predict: 1.3650844097137451