precision: 0.5049490163765579
recall: 0.45118051539104176
f1: 0.4765529144022936
accuracy: 0.42857142857142855
memory_fit: 373.375
time_fit: 5.872797727584839
memory_predict: 684.22265625
time_predict: 1.369507074356079