precision: 0.5023256853248101
recall: 0.46925133346185977
f1: 0.4852255520929861
accuracy: 0.4749034749034749
memory_fit: 1169.46875
time_fit: 3.2082157135009766
memory_predict: 2277.25
time_predict: 1.5888340473175049