epochs: 188
precision: 0.5132217130849746
recall: 0.4653888995994259
f1: 0.48813631327371754
accuracy: 0.4749034749034749
memory_fit: 672.10546875
time_fit: 11.283096075057983
memory_predict: 674.33984375
time_predict: 0.4357764720916748