epochs: 91
precision: 0.4640648602075483
recall: 0.4250740098108519
f1: 0.4437145143292471
accuracy: 0.42857142857142855
memory_fit: 684.56640625
time_fit: 7.850330114364624
memory_predict: 685.56640625
time_predict: 0.4983642101287842