precision: 0.5126446866106618
recall: 0.4518186491870702
f1: 0.4803136028510143
accuracy: 0.44015444015444016
memory_fit: 736.109375
time_fit: 3.1518099308013916
memory_predict: 1395.578125
time_predict: 1.3377070426940918