precision: 0.42626282677247984
recall: 0.40659597712229295
f1: 0.41619719873757804
accuracy: 0.4092664092664093
memory_fit: 1328.7890625
time_fit: 3.2568814754486084
memory_predict: 2596.2578125
time_predict: 1.4535698890686035