epochs: 144
precision: 0.43619046921681315
recall: 0.43229633913844434
f1: 0.4342346739073924
accuracy: 0.43243243243243246
memory_fit: 802.59765625
time_fit: 8.545606851577759
memory_predict: 802.578125
time_predict: 0.3924856185913086