precision: 0.559238183843447
recall: 0.5306520574941628
f1: 0.5445702358461578
accuracy: 0.5328185328185329
memory_fit: 1191.93359375
time_fit: 3.9505019187927246
memory_predict: 2313.56640625
time_predict: 1.5555660724639893