precision: 0.49286704161406353
recall: 0.4682657498446972
f1: 0.48025154664603836
accuracy: 0.46332046332046334
memory_fit: 1188.453125
time_fit: 4.5385706424713135
memory_predict: 2273.4921875
time_predict: 1.4093148708343506