epochs: 110
precision: 0.5325414581750544
recall: 0.5061686266949424
f1: 0.5190202395624695
accuracy: 0.5096525096525096
memory_fit: 952.2734375
time_fit: 8.18619966506958
memory_predict: 952.2578125
time_predict: 0.40319085121154785