epochs: 79
precision: 0.4680980599223092
recall: 0.48564788038472256
f1: 0.4767115035693626
accuracy: 0.44787644787644787
memory_fit: 537.24609375
time_fit: 6.607168436050415
memory_predict: 537.53125
time_predict: 0.425457239151001