epochs: 103
precision: 0.5235024178092675
recall: 0.5108420624210097
f1: 0.5170947588689868
accuracy: 0.4864864864864865
memory_fit: 558.80078125
time_fit: 10.799133062362671
memory_predict: 558.89453125
time_predict: 0.39147281646728516