precision: 0.4542632807570039
recall: 0.46804725488936016
f1: 0.4610522667538359
accuracy: 0.44787644787644787
memory_fit: 971.66015625
time_fit: 3.5998973846435547
memory_predict: 1871.83203125
time_predict: 1.3683884143829346