precision: 0.5132393818682969
recall: 0.5135177687809266
f1: 0.5133785375847854
accuracy: 0.49034749034749037
memory_fit: 554.6171875
time_fit: 3.910783529281616
memory_predict: 1033.703125
time_predict: 1.3209049701690674