epochs: 241
precision: 0.5020761863975861
recall: 0.4906295653664074
f1: 0.49628688193928083
accuracy: 0.49034749034749037
memory_fit: 1062.1484375
time_fit: 15.005193710327148
memory_predict: 1062.12890625
time_predict: 0.4176170825958252