epochs: 91
precision: 0.5298529110640912
recall: 0.5235072724546409
f1: 0.5266609781029018
accuracy: 0.5057915057915058
memory_fit: 569.1171875
time_fit: 6.813094615936279
memory_predict: 570.8515625
time_predict: 0.4196453094482422