precision: 0.4462911694090676
recall: 0.44936957779063036
f1: 0.44782508331656184
accuracy: 0.44015444015444016
memory_fit: 1366.67578125
time_fit: 3.6285340785980225
memory_predict: 2656.68359375
time_predict: 1.466667652130127