precision: 0.5264844887365241
recall: 0.5125319709530236
f1: 0.519414548579822
accuracy: 0.5019305019305019
memory_fit: 571.109375
time_fit: 3.7501060962677
memory_predict: 1075.79296875
time_predict: 1.2522797584533691