epochs: 114
precision: 0.5404200573373507
recall: 0.5182376882376883
f1: 0.5290964759147198
accuracy: 0.5212355212355212
memory_fit: 947.28125
time_fit: 7.738325834274292
memory_predict: 948.375
time_predict: 0.41782569885253906