precision: 0.5153929446029826
recall: 0.5236544352333826
f1: 0.5194908462631382
accuracy: 0.4942084942084942
memory_fit: 586.3046875
time_fit: 3.927820920944214
memory_predict: 1105.9453125
time_predict: 1.273819923400879