precision: 0.4866420731504251
recall: 0.47472548893601524
f1: 0.4806099253271864
accuracy: 0.4671814671814672
memory_fit: 1366.73828125
time_fit: 3.8673627376556396
memory_predict: 2656.8671875
time_predict: 1.4320108890533447