epochs: 146
precision: 0.4490834825416434
recall: 0.4804417025469657
f1: 0.46423364616518714
accuracy: 0.4517374517374517
memory_fit: 819.87109375
time_fit: 9.436891317367554
memory_predict: 819.8515625
time_predict: 0.3554518222808838