precision: 0.4824948029598389
recall: 0.45897800055694793
f1: 0.4704426917366112
accuracy: 0.4517374517374517
memory_fit: 798.66796875
time_fit: 4.201531648635864
memory_predict: 1511.9296875
time_predict: 2.4711945056915283