precision: 0.48296540838557644
recall: 0.47746374483216586
f1: 0.4801988189125572
accuracy: 0.444015444015444
memory_fit: 546.48828125
time_fit: 3.775709390640259
memory_predict: 1018.1875
time_predict: 1.2718479633331299