precision: 0.4785024692689706
recall: 0.4868780926675664
f1: 0.48265394759359687
accuracy: 0.4749034749034749
memory_fit: 1366.70703125
time_fit: 3.793031930923462
memory_predict: 2656.7890625
time_predict: 1.4561264514923096