epochs: 120
precision: 0.4554890895242609
recall: 0.4400589079536448
f1: 0.44764106867603454
accuracy: 0.43243243243243246
memory_fit: 688.17578125
time_fit: 7.721325874328613
memory_predict: 688.15625
time_predict: 0.3205091953277588