epochs: 87
precision: 0.462141419948261
recall: 0.44245314140050984
f1: 0.4520830253998479
accuracy: 0.44787644787644787
memory_fit: 1062.1640625
time_fit: 6.3221213817596436
memory_predict: 1062.4453125
time_predict: 0.49274611473083496