epochs: 124
precision: 0.491837312817999
recall: 0.4761825503930766
f1: 0.48388334763970475
accuracy: 0.4826254826254826
memory_fit: 715.53515625
time_fit: 8.878201961517334
memory_predict: 719.4375
time_predict: 0.396451473236084