epochs: 118
precision: 0.5552978792846892
recall: 0.5320611357453463
f1: 0.543431224177661
accuracy: 0.525096525096525
memory_fit: 956.0546875
time_fit: 9.108001947402954
memory_predict: 952.0234375
time_predict: 0.45565104484558105