epochs: 180
precision: 0.4811411406653446
recall: 0.4764828738512949
f1: 0.4788006774204178
accuracy: 0.47876447876447875
memory_fit: 696.01171875
time_fit: 11.254860877990723
memory_predict: 698.96484375
time_predict: 0.3456413745880127