epochs: 121
precision: 0.5037206812182792
recall: 0.5169905533063428
f1: 0.5102693590242915
accuracy: 0.49034749034749037
memory_fit: 702.80078125
time_fit: 8.30510139465332
memory_predict: 703.93359375
time_predict: 0.3557746410369873