epochs: 160
precision: 0.5053670393287041
recall: 0.4924767045819678
f1: 0.49883861206073976
accuracy: 0.4826254826254826
memory_fit: 540.77734375
time_fit: 12.312771081924438
memory_predict: 542.08203125
time_predict: 0.35062265396118164