epochs: 164
precision: 0.5117796036163383
recall: 0.5002956108219266
f1: 0.5059724529259433
accuracy: 0.5019305019305019
memory_fit: 706.03125
time_fit: 10.797204494476318
memory_predict: 701.36328125
time_predict: 0.3749094009399414