epochs: 149
precision: 0.5350427121370609
recall: 0.5028408628408628
f1: 0.518442232855333
accuracy: 0.5135135135135135
memory_fit: 936.5390625
time_fit: 9.351710796356201
memory_predict: 937.6875
time_predict: 0.3974776268005371