precision: 0.49740816710648117
recall: 0.49142085984191247
f1: 0.4943963870603763
accuracy: 0.49034749034749037
memory_fit: 795.04296875
time_fit: 4.8958799839019775
memory_predict: 1515.3046875
time_predict: 1.414027214050293