epochs: 217
precision: 0.4228625195128887
recall: 0.4115759484180537
f1: 0.417142903180174
accuracy: 0.4247104247104247
memory_fit: 1062.08203125
time_fit: 12.850046396255493
memory_predict: 1062.0703125
time_predict: 0.5171575546264648