precision: 0.4344572349349485
recall: 0.4320821283979179
f1: 0.43326642668962484
accuracy: 0.4247104247104247
memory_fit: 971.640625
time_fit: 3.5368943214416504
memory_predict: 1866.66796875
time_predict: 1.3570311069488525