precision: 0.44769524924511445
recall: 0.4555433455433455
f1: 0.4515852019648154
accuracy: 0.444015444015444
memory_fit: 1004.71484375
time_fit: 3.7811057567596436
memory_predict: 1943.6015625
time_predict: 1.3491597175598145