precision: 0.4354182749239176
recall: 0.451469057258531
f1: 0.4432984235084268
accuracy: 0.444015444015444
memory_fit: 1030.48046875
time_fit: 4.731002330780029
memory_predict: 1965.98046875
time_predict: 1.469555139541626