epochs: 141
precision: 0.46478227143756
recall: 0.48330441488336223
f1: 0.47386241571849996
accuracy: 0.4671814671814672
memory_fit: 842.74609375
time_fit: 10.045129537582397
memory_predict: 843.80859375
time_predict: 1.2523117065429688