epochs: 203
precision: 0.45076699675577664
recall: 0.46912152175310073
f1: 0.45976114544167823
accuracy: 0.4555984555984556
memory_fit: 819.6328125
time_fit: 12.385300874710083
memory_predict: 819.61328125
time_predict: 0.374591588973999