epochs: 91
precision: 0.5246539375100095
recall: 0.515946275946276
f1: 0.5202636742111549
accuracy: 0.5135135135135135
memory_fit: 952.96875
time_fit: 6.427716970443726
memory_predict: 952.94921875
time_predict: 0.3844296932220459