epochs: 114
precision: 0.4741273676489623
recall: 0.4792059207848681
f1: 0.4766531170998686
accuracy: 0.47104247104247104
memory_fit: 1072.02734375
time_fit: 8.233534336090088
memory_predict: 1073.19140625
time_predict: 0.44052767753601074