precision: 0.5080921759175898
recall: 0.498914165756271
f1: 0.5034613459411799
accuracy: 0.4749034749034749
memory_fit: 523.8671875
time_fit: 3.4123008251190186
memory_predict: 984.01953125
time_predict: 1.2853002548217773