precision: 0.542571811333229
recall: 0.5274774543195596
f1: 0.5349181706190129
accuracy: 0.525096525096525
memory_fit: 1175.14453125
time_fit: 3.6554627418518066
memory_predict: 2273.68359375
time_predict: 1.3890020847320557