precision: 0.550019975933298
recall: 0.5187804982541824
f1: 0.5339436949283721
accuracy: 0.525096525096525
memory_fit: 1177.4140625
time_fit: 3.7813165187835693
memory_predict: 2283.6328125
time_predict: 1.487532615661621