precision: 0.45113807030937175
recall: 0.4624745624745625
f1: 0.45673598239591684
accuracy: 0.44787644787644787
memory_fit: 984.16796875
time_fit: 3.733196258544922
memory_predict: 1897.234375
time_predict: 1.415400505065918