epochs: 141
precision: 0.44086349236075345
recall: 0.4547689737163421
f1: 0.4477082856276095
accuracy: 0.4362934362934363
memory_fit: 825.703125
time_fit: 8.672531127929688
memory_predict: 825.7890625
time_predict: 0.9934918880462646