precision: 0.5147569761357136
recall: 0.47068247541931757
f1: 0.49173409362612663
accuracy: 0.47876447876447875
memory_fit: 1175.10546875
time_fit: 3.6829543113708496
memory_predict: 2273.54296875
time_predict: 1.404996633529663