precision: 0.4616359830645545
recall: 0.4314204314204314
f1: 0.446017052769858
accuracy: 0.444015444015444
memory_fit: 765.55078125
time_fit: 3.474287271499634
memory_predict: 1457.7265625
time_predict: 1.2967705726623535