precision: 0.511305828204661
recall: 0.5068817342501554
f1: 0.5090841697333968
accuracy: 0.4980694980694981
memory_fit: 808.6953125
time_fit: 3.971146583557129
memory_predict: 1553.76953125
time_predict: 1.3229763507843018