precision: 0.4815669581304882
recall: 0.4590189148083885
f1: 0.4700226718012764
accuracy: 0.46332046332046334
memory_fit: 1366.76953125
time_fit: 4.052838087081909
memory_predict: 2658.55078125
time_predict: 1.430541753768921