precision: 0.44796911136053547
recall: 0.45525266156845107
f1: 0.45158151931169577
accuracy: 0.4362934362934363
memory_fit: 1380.5
time_fit: 3.4020493030548096
memory_predict: 2688.73828125
time_predict: 2.11275053024292