epochs: 129
precision: 0.5220966684876459
recall: 0.5055176402544823
f1: 0.5136734153919463
accuracy: 0.47104247104247104
memory_fit: 538.44140625
time_fit: 8.588076829910278
memory_predict: 538.57421875
time_predict: 0.5209910869598389