epochs: 108
precision: 0.4898917006347347
recall: 0.4843994601889339
f1: 0.4871301000778605
accuracy: 0.4826254826254826
memory_fit: 1082.8828125
time_fit: 7.922236204147339
memory_predict: 1084.0390625
time_predict: 0.5151016712188721