precision: 0.5113416682228259
recall: 0.47901441638283737
f1: 0.4946504284335524
accuracy: 0.47104247104247104
memory_fit: 778.71484375
time_fit: 3.5598437786102295
memory_predict: 1496.34375
time_predict: 1.3011844158172607