epochs: 110
precision: 0.4444585576165951
recall: 0.46572413940834995
f1: 0.4548429231301729
accuracy: 0.4555984555984556
memory_fit: 824.83203125
time_fit: 7.696754693984985
memory_predict: 825.9765625
time_predict: 0.39980506896972656