precision: 0.4435841347917619
recall: 0.4528562860141808
f1: 0.4481722580871811
accuracy: 0.4362934362934363
memory_fit: 1021.36328125
time_fit: 3.9785587787628174
memory_predict: 1966.08984375
time_predict: 1.3823587894439697