epochs: 56
precision: 0.49794888771339935
recall: 0.4853970396075659
f1: 0.4915928550809408
accuracy: 0.4594594594594595
memory_fit: 596.29296875
time_fit: 7.072188377380371
memory_predict: 596.5703125
time_predict: 0.428236722946167