precision: 0.4919018695052851
recall: 0.4771764882291198
f1: 0.48442730099272624
accuracy: 0.4555984555984556
memory_fit: 605.55078125
time_fit: 4.163339853286743
memory_predict: 1130.2109375
time_predict: 1.297813892364502