precision: 0.4998054004181682
recall: 0.5238885675727781
f1: 0.5115636967248961
accuracy: 0.4749034749034749
memory_fit: 613.49609375
time_fit: 4.09794807434082
memory_predict: 1160.01171875
time_predict: 1.3330790996551514