epochs: 95
precision: 0.4273557865961572
recall: 0.43072660283186603
f1: 0.42903457390333255
accuracy: 0.416988416988417
memory_fit: 1092.0625
time_fit: 8.16876220703125
memory_predict: 1085.109375
time_predict: 0.45859289169311523