epochs: 86
precision: 0.4996774268476979
recall: 0.5082434719276825
f1: 0.5039240491461626
accuracy: 0.47104247104247104
memory_fit: 585.88671875
time_fit: 6.982154369354248
memory_predict: 587.2890625
time_predict: 0.396578311920166