precision: 0.5282051282051282
recall: 0.5351918257181414
f1: 0.5316755250705473
accuracy: 0.5019305019305019
memory_fit: 630.54296875
time_fit: 4.807606935501099
memory_predict: 1184.87109375
time_predict: 1.3035378456115723