precision: 0.4813963101532563
recall: 0.47612021506758345
f1: 0.4787437264752098
accuracy: 0.47876447876447875
memory_fit: 1446.37890625
time_fit: 4.508241176605225
memory_predict: 2818.0859375
time_predict: 1.718479871749878