precision: 0.5177061187451387
recall: 0.4994156330998436
f1: 0.5083964207505642
accuracy: 0.4980694980694981
memory_fit: 860.98828125
time_fit: 5.152719020843506
memory_predict: 1632.07421875
time_predict: 1.3628907203674316