precision: 0.5393169977020909
recall: 0.5325347556926504
f1: 0.5359044190627075
accuracy: 0.528957528957529
memory_fit: 1226.02734375
time_fit: 4.236137390136719
memory_predict: 2375.3828125
time_predict: 1.398423671722412