epochs: 97
precision: 0.4678924807522889
recall: 0.48536512220722755
f1: 0.476468669948436
accuracy: 0.4749034749034749
memory_fit: 849.98046875
time_fit: 7.599521636962891
memory_predict: 851.21484375
time_predict: 0.4189455509185791