precision: 0.4640470148351922
recall: 0.49447143499775076
f1: 0.47877637279067814
accuracy: 0.4671814671814672
memory_fit: 1061.34765625
time_fit: 4.568908452987671
memory_predict: 2057.77734375
time_predict: 1.5459182262420654