epochs: 109
precision: 0.5256069054830277
recall: 0.5140243771822719
f1: 0.5197511208800265
accuracy: 0.5096525096525096
memory_fit: 733.1015625
time_fit: 11.040117025375366
memory_predict: 730.953125
time_predict: 0.38509702682495117