epochs: 73
precision: 0.5105006636801063
recall: 0.5114791251633356
f1: 0.5109894260235761
accuracy: 0.5019305019305019
memory_fit: 991.65234375
time_fit: 6.843690633773804
memory_predict: 991.6328125
time_predict: 0.30020570755004883