epochs: 86
precision: 0.4636441316744118
recall: 0.4484521131889552
f1: 0.4559216021072319
accuracy: 0.4555984555984556
memory_fit: 755.328125
time_fit: 7.237797975540161
memory_predict: 756.57421875
time_predict: 0.3842799663543701