epochs: 143
precision: 0.4999813391509172
recall: 0.47582631793158114
f1: 0.48760486334771347
accuracy: 0.4864864864864865
memory_fit: 722.56640625
time_fit: 10.093927145004272
memory_predict: 723.78125
time_predict: 0.3694031238555908