precision: 0.4532276654984056
recall: 0.47145920356446674
f1: 0.4621637039700024
accuracy: 0.4517374517374517
memory_fit: 1392.73828125
time_fit: 4.10640025138855
memory_predict: 2714.42578125
time_predict: 1.4703197479248047