precision: 0.48253915745246706
recall: 0.4701176016965491
f1: 0.4762473981266174
accuracy: 0.4671814671814672
memory_fit: 1226.3359375
time_fit: 4.695912837982178
memory_predict: 2379.12109375
time_predict: 1.4172828197479248