epochs: 131
precision: 0.48701868203207754
recall: 0.48464494569757716
f1: 0.4858289143921987
accuracy: 0.4671814671814672
memory_fit: 584.01953125
time_fit: 10.183319091796875
memory_predict: 578.8046875
time_predict: 0.3855440616607666