precision: 0.4790857030003723
recall: 0.4873607094659726
f1: 0.48318777967918947
accuracy: 0.46332046332046334
memory_fit: 1208.32421875
time_fit: 3.986079692840576
memory_predict: 2347.35546875
time_predict: 1.517761468887329