epochs: 111
precision: 0.47271605875551803
recall: 0.46572456782983096
f1: 0.4691942695857104
accuracy: 0.46332046332046334
memory_fit: 1089.01171875
time_fit: 8.400751829147339
memory_predict: 1088.9921875
time_predict: 0.5406475067138672