epochs: 121
precision: 0.5005353699421186
recall: 0.49713193239509035
f1: 0.4988278459331771
accuracy: 0.5057915057915058
memory_fit: 731.6015625
time_fit: 9.77305269241333
memory_predict: 732.859375
time_predict: 0.4308969974517822