precision: 0.4695789463428741
recall: 0.45404365614891923
f1: 0.46168064980841605
accuracy: 0.444015444015444
memory_fit: 824.5703125
time_fit: 4.075176477432251
memory_predict: 1574.73828125
time_predict: 1.3661069869995117