precision: 0.5114212068061256
recall: 0.4955199965726282
f1: 0.5033450489331477
accuracy: 0.49034749034749037
memory_fit: 830.0078125
time_fit: 4.397138357162476
memory_predict: 1572.34375
time_predict: 1.3472440242767334