epochs: 129
precision: 0.4938332908921145
recall: 0.491517897307371
f1: 0.4926728737257703
accuracy: 0.4826254826254826
memory_fit: 1093.31640625
time_fit: 9.985663414001465
memory_predict: 1094.56640625
time_predict: 0.46968555450439453