precision: 0.4699477024011185
recall: 0.4654810102178523
f1: 0.4677036920339554
accuracy: 0.4671814671814672
memory_fit: 837.0390625
time_fit: 4.217617750167847
memory_predict: 1608.88671875
time_predict: 1.3377280235290527