epochs: 108
precision: 0.5047856385396152
recall: 0.49752800805432384
f1: 0.5011305474897708
accuracy: 0.4980694980694981
memory_fit: 975.59375
time_fit: 8.095933675765991
memory_predict: 979.73828125
time_predict: 0.45297980308532715