precision: 0.49584591670323835
recall: 0.5003791530107319
f1: 0.4981022208064536
accuracy: 0.49034749034749037
memory_fit: 1226.2109375
time_fit: 4.525392055511475
memory_predict: 2375.87890625
time_predict: 1.4111669063568115