precision: 0.5053840334645289
recall: 0.5021448921448922
f1: 0.5037592559882004
accuracy: 0.4749034749034749
memory_fit: 649.10546875
time_fit: 4.617846965789795
memory_predict: 1230.21875
time_predict: 1.32198166847229