epochs: 95
precision: 0.48966165413533835
recall: 0.49946297367349995
f1: 0.4945137528525616
accuracy: 0.47876447876447875
memory_fit: 591.97265625
time_fit: 9.59574007987976
memory_predict: 588.5078125
time_predict: 0.3791787624359131