precision: 0.5027515595266494
recall: 0.5024456440245915
f1: 0.5025985552254042
accuracy: 0.49034749034749037
memory_fit: 622.8828125
time_fit: 4.639931917190552
memory_predict: 1166.12109375
time_predict: 1.3173227310180664