epochs: 153
precision: 0.5145878875960482
recall: 0.5022389306599833
f1: 0.5083384225449169
accuracy: 0.49034749034749037
memory_fit: 1107.91015625
time_fit: 12.855575323104858
memory_predict: 1109.14453125
time_predict: 0.47576212882995605