precision: 0.4745566240121524
recall: 0.4734535055587687
f1: 0.4740044229830766
accuracy: 0.4555984555984556
memory_fit: 1418.01171875
time_fit: 4.222843885421753
memory_predict: 2769.91796875
time_predict: 1.4489586353302002