epochs: 82
precision: 0.48525427990037795
recall: 0.49011760169654905
f1: 0.4876738162440554
accuracy: 0.4671814671814672
memory_fit: 619.8828125
time_fit: 7.324443578720093
memory_predict: 621.4765625
time_predict: 0.2755460739135742