precision: 0.44683800144997815
recall: 0.4547694021378232
f1: 0.4507688157023375
accuracy: 0.44787644787644787
memory_fit: 1036.59765625
time_fit: 4.320857286453247
memory_predict: 2002.640625
time_predict: 1.5525486469268799