precision: 0.4464280346158406
recall: 0.4708598419124735
f1: 0.45831856973860813
accuracy: 0.4517374517374517
memory_fit: 1079.921875
time_fit: 5.591772079467773
memory_predict: 2057.05078125
time_predict: 1.4487404823303223