epochs: 158
precision: 0.512909616168339
recall: 0.5124428592849645
f1: 0.512676131489044
accuracy: 0.49034749034749037
memory_fit: 960.328125
time_fit: 10.351440668106079
memory_predict: 961.55859375
time_predict: 0.4007701873779297