epochs: 182
precision: 0.5131740123675608
recall: 0.4832198016408542
f1: 0.4977466559450152
accuracy: 0.49034749034749037
memory_fit: 723.79296875
time_fit: 12.781083822250366
memory_predict: 720.29296875
time_predict: 0.4351625442504883