epochs: 91
precision: 0.453118944547516
recall: 0.4844849302744039
f1: 0.4682772888429247
accuracy: 0.4594594594594595
memory_fit: 838.296875
time_fit: 7.231898546218872
memory_predict: 838.27734375
time_predict: 0.42203569412231445