epochs: 102
precision: 0.5462255955013584
recall: 0.5201872201872202
f1: 0.5328885211033266
accuracy: 0.528957528957529
memory_fit: 991.7421875
time_fit: 9.064575433731079
memory_predict: 991.73046875
time_predict: 0.2975926399230957