precision: 0.42746208469892677
recall: 0.4265207891523681
f1: 0.42699091815803913
accuracy: 0.41312741312741313
memory_fit: 1378.74609375
time_fit: 3.816283941268921
memory_predict: 2686.578125
time_predict: 1.4387195110321045