precision: 0.48482214401576146
recall: 0.48873915558126085
f1: 0.48677276997645447
accuracy: 0.49034749034749037
memory_fit: 855.46875
time_fit: 4.668054103851318
memory_predict: 1634.6328125
time_predict: 1.4428958892822266