precision: 0.5022002562818889
recall: 0.510888974573185
f1: 0.5065073562092736
accuracy: 0.49034749034749037
memory_fit: 1232.24609375
time_fit: 4.075574636459351
memory_predict: 2390.51171875
time_predict: 1.4279069900512695