epochs: 81
precision: 0.42854456342574493
recall: 0.453119979435769
f1: 0.4404897652718353
accuracy: 0.44015444015444016
memory_fit: 866.0078125
time_fit: 7.216959476470947
memory_predict: 866.046875
time_predict: 0.3919651508331299