epochs: 197
precision: 0.4563316565552213
recall: 0.4649889681468629
f1: 0.460619637562057
accuracy: 0.4555984555984556
memory_fit: 838.28125
time_fit: 13.235110759735107
memory_predict: 838.2578125
time_predict: 0.4388549327850342