precision: 0.5098308267514362
recall: 0.5049452691557954
f1: 0.5073762873922877
accuracy: 0.4942084942084942
memory_fit: 1430.953125
time_fit: 4.773009538650513
memory_predict: 2785.3125
time_predict: 1.5218346118927002