epochs: 97
precision: 0.5261281444223739
recall: 0.5004234946340208
f1: 0.5129539998575624
accuracy: 0.5135135135135135
memory_fit: 1001.96484375
time_fit: 8.385030269622803
memory_predict: 991.42578125
time_predict: 0.45125675201416016