epochs: 97
precision: 0.45969011549628397
recall: 0.46625709573077995
f1: 0.46295031852498236
accuracy: 0.4555984555984556
memory_fit: 1087.0703125
time_fit: 7.4667627811431885
memory_predict: 1087.05078125
time_predict: 0.43139147758483887