epochs: 97
precision: 0.452939169629964
recall: 0.47437932437932434
f1: 0.46341139244407725
accuracy: 0.4594594594594595
memory_fit: 867.58203125
time_fit: 9.070523500442505
memory_predict: 865.1953125
time_predict: 0.424882173538208