precision: 0.47881408954943006
recall: 0.5047608337082022
f1: 0.49144522357631937
accuracy: 0.4826254826254826
memory_fit: 1023.14453125
time_fit: 4.058507442474365
memory_predict: 1974.171875
time_predict: 1.4414284229278564