epochs: 91
precision: 0.4825262599719121
recall: 0.4736623610307821
f1: 0.47805322618873725
accuracy: 0.47876447876447875
memory_fit: 790.09765625
time_fit: 8.917824506759644
memory_predict: 785.9296875
time_predict: 0.2925546169281006