precision: 0.5182180276590215
recall: 0.5237459032195874
f1: 0.5209673020679019
accuracy: 0.4980694980694981
memory_fit: 1264.75390625
time_fit: 4.540614128112793
memory_predict: 2468.4921875
time_predict: 1.4150917530059814