precision: 0.5194676440827919
recall: 0.5288261251419146
f1: 0.5241051114137018
accuracy: 0.4826254826254826
memory_fit: 676.234375
time_fit: 4.7818193435668945
memory_predict: 1284.359375
time_predict: 1.3004214763641357