epochs: 89
precision: 0.4836342406742202
recall: 0.4742004584109846
f1: 0.4788708925454425
accuracy: 0.444015444015444
memory_fit: 665.640625
time_fit: 9.392733812332153
memory_predict: 666.09375
time_predict: 0.40074586868286133