epochs: 150
precision: 0.52418577971373
recall: 0.5049435554698712
f1: 0.5143847761140279
accuracy: 0.5019305019305019
memory_fit: 1037.75
time_fit: 13.387330293655396
memory_predict: 1022.921875
time_predict: 0.42743563652038574