precision: 0.5051231410678415
recall: 0.5013814450656555
f1: 0.5032453381610453
accuracy: 0.47104247104247104
memory_fit: 709.66015625
time_fit: 5.181397914886475
memory_predict: 1331.8828125
time_predict: 1.7086474895477295