epochs: 114
precision: 0.5072118702553484
recall: 0.47851937536148054
f1: 0.4924480347148568
accuracy: 0.4517374517374517
memory_fit: 658.1484375
time_fit: 12.347414493560791
memory_predict: 659.6328125
time_predict: 0.42444634437561035