epochs: 160
precision: 0.48813827498038026
recall: 0.48815136130925607
f1: 0.48814481805711263
accuracy: 0.44787644787644787
memory_fit: 639.015625
time_fit: 13.281092166900635
memory_predict: 637.046875
time_predict: 0.3870987892150879