epochs: 68
precision: 0.49560220260352944
recall: 0.4943476211897265
f1: 0.4949741169197079
accuracy: 0.4671814671814672
memory_fit: 1023.62109375
time_fit: 6.80046272277832
memory_predict: 1023.6015625
time_predict: 0.48131513595581055