epochs: 110
precision: 0.5077163528447267
recall: 0.4989139515455306
f1: 0.5032766662344466
accuracy: 0.4594594594594595
memory_fit: 641.67578125
time_fit: 9.214738368988037
memory_predict: 643.01953125
time_predict: 0.38155603408813477