precision: 0.42759036257705285
recall: 0.4290441916757706
f1: 0.4283160434503722
accuracy: 0.42084942084942084
memory_fit: 1431.03515625
time_fit: 4.3024516105651855
memory_predict: 2785.46484375
time_predict: 1.4894344806671143