epochs: 105
precision: 0.43921822853725095
recall: 0.4569498532656428
f1: 0.44790862151199706
accuracy: 0.42084942084942084
memory_fit: 870.55859375
time_fit: 8.428685188293457
memory_predict: 871.859375
time_predict: 0.41008758544921875