epochs: 86
precision: 0.4940870511544784
recall: 0.5002677634256582
f1: 0.4971581982493823
accuracy: 0.46332046332046334
memory_fit: 651.0078125
time_fit: 9.774225234985352
memory_predict: 645.109375
time_predict: 0.3931565284729004