epochs: 120
precision: 0.49213785689788836
recall: 0.45538375854165325
f1: 0.4730479671238583
accuracy: 0.44015444015444016
memory_fit: 767.58203125
time_fit: 9.820208072662354
memory_predict: 763.2578125
time_predict: 0.3966023921966553