epochs: 136
precision: 0.44623161378510595
recall: 0.4494338410127884
f1: 0.447827003018732
accuracy: 0.4555984555984556
memory_fit: 1126.453125
time_fit: 10.712016344070435
memory_predict: 1129.50390625
time_predict: 0.3744969367980957