precision: 0.5002243450571717
recall: 0.4964387464387464
f1: 0.49832435637924355
accuracy: 0.49034749034749037
memory_fit: 1286.64453125
time_fit: 5.471880197525024
memory_predict: 2496.828125
time_predict: 1.5005366802215576