precision: 0.5422825819167282
recall: 0.5175331491120965
f1: 0.5296188839460995
accuracy: 0.5019305019305019
memory_fit: 887.8515625
time_fit: 4.918212413787842
memory_predict: 1701.6796875
time_predict: 1.351069450378418