epochs: 92
precision: 0.46946448694568993
recall: 0.4590244842876422
f1: 0.46418579151319417
accuracy: 0.44787644787644787
memory_fit: 1142.703125
time_fit: 9.147716522216797
memory_predict: 1144.109375
time_predict: 0.5194041728973389