epochs: 77
precision: 0.43877640141457386
recall: 0.45510057194267717
f1: 0.4467894289495569
accuracy: 0.444015444015444
memory_fit: 912.1796875
time_fit: 7.6469666957855225
memory_predict: 913.953125
time_predict: 0.4175379276275635