precision: 0.4969895184180899
recall: 0.4917458175352913
f1: 0.49435376314394697
accuracy: 0.4864864864864865
memory_fit: 1479.45703125
time_fit: 5.39066743850708
memory_predict: 2895.55078125
time_predict: 1.4631483554840088