precision: 0.48662573495400246
recall: 0.4888280530385793
f1: 0.4877244078688057
accuracy: 0.4671814671814672
memory_fit: 1240.421875
time_fit: 4.307451486587524
memory_predict: 2410.04296875
time_predict: 1.40596342086792