precision: 0.431013303695135
recall: 0.44401966454598035
f1: 0.437419821806838
accuracy: 0.4247104247104247
memory_fit: 1109.0234375
time_fit: 5.466776371002197
memory_predict: 2142.0
time_predict: 1.4504106044769287