epochs: 133
precision: 0.5264443458542837
recall: 0.5156230319388214
f1: 0.5209775021099049
accuracy: 0.49034749034749037
memory_fit: 764.1328125
time_fit: 10.584203720092773
memory_predict: 764.2265625
time_predict: 0.3987429141998291