epochs: 103
precision: 0.4545206717023487
recall: 0.4381890623995887
f1: 0.4462054783682709
accuracy: 0.4362934362934363
memory_fit: 913.48046875
time_fit: 9.647994041442871
memory_predict: 901.37109375
time_predict: 0.4262833595275879