precision: 0.49123074517163184
recall: 0.46516633464001883
f1: 0.47784337701862045
accuracy: 0.46332046332046334
memory_fit: 945.75
time_fit: 5.389214277267456
memory_predict: 1823.8828125
time_predict: 1.3516242504119873