precision: 0.40703871194942626
recall: 0.41498082813872283
f1: 0.4109714028237786
accuracy: 0.3861003861003861
memory_fit: 1066.953125
time_fit: 4.581311941146851
memory_predict: 2057.2578125
time_predict: 1.4051458835601807