epochs: 99
precision: 0.48242498389755634
recall: 0.4753912559175717
f1: 0.47888229380061376
accuracy: 0.4555984555984556
memory_fit: 1015.87109375
time_fit: 8.74494194984436
memory_predict: 1019.69140625
time_predict: 0.48330211639404297