epochs: 200
precision: 0.4563367952541415
recall: 0.4554769402137823
f1: 0.4559064623053849
accuracy: 0.444015444015444
memory_fit: 1146.5390625
time_fit: 17.30124855041504
memory_predict: 1136.109375
time_predict: 0.35112714767456055