precision: 0.4996749907061701
recall: 0.5038600775442881
f1: 0.5017588074985287
accuracy: 0.4864864864864865
memory_fit: 1297.78125
time_fit: 4.78704571723938
memory_predict: 2529.71875
time_predict: 2.438844680786133