precision: 0.442426522491807
recall: 0.4563843369106527
f1: 0.44929705284901844
accuracy: 0.4517374517374517
memory_fit: 1116.484375
time_fit: 5.157471179962158
memory_predict: 2158.43359375
time_predict: 1.4404611587524414