precision: 0.5072754939296292
recall: 0.5040931388299809
f1: 0.5056793096079653
accuracy: 0.4942084942084942
memory_fit: 1454.0546875
time_fit: 5.164458751678467
memory_predict: 2839.265625
time_predict: 1.4844245910644531