epochs: 77
precision: 0.4318591682771837
recall: 0.4472666709508815
f1: 0.4394279041657047
accuracy: 0.43243243243243246
memory_fit: 901.421875
time_fit: 7.432297945022583
memory_predict: 901.41015625
time_predict: 0.4439566135406494