epochs: 108
precision: 0.4483083011760402
recall: 0.4542287342287342
f1: 0.45124909937042057
accuracy: 0.4362934362934363
memory_fit: 895.5703125
time_fit: 9.250399589538574
memory_predict: 898.7578125
time_predict: 0.46042847633361816