epochs: 163
precision: 0.48004583007923424
recall: 0.4591954244585823
f1: 0.46938919609377333
accuracy: 0.4362934362934363
memory_fit: 1000.08203125
time_fit: 11.900038003921509
memory_predict: 1001.40234375
time_predict: 0.4487752914428711