precision: 0.5207555689393586
recall: 0.5316659169290748
f1: 0.5261541896925475
accuracy: 0.49034749034749037
memory_fit: 670.02734375
time_fit: 4.6362221240997314
memory_predict: 1269.48828125
time_predict: 1.5485053062438965