precision: 0.4842135715714998
recall: 0.4683435083435083
f1: 0.4761463384799386
accuracy: 0.444015444015444
memory_fit: 897.4140625
time_fit: 5.394060134887695
memory_predict: 1697.17578125
time_predict: 1.3870704174041748