epochs: 188
precision: 0.4881085155214879
recall: 0.47924190818927664
f1: 0.4836345767744144
accuracy: 0.4749034749034749
memory_fit: 1136.44921875
time_fit: 15.113503217697144
memory_predict: 1136.4296875
time_predict: 0.47780704498291016