precision: 0.41819299379670893
recall: 0.4476181907760855
f1: 0.4324055743652252
accuracy: 0.42857142857142855
memory_fit: 1072.453125
time_fit: 4.796854257583618
memory_predict: 2074.21875
time_predict: 1.5743489265441895