precision: 0.4685393608244213
recall: 0.4477627830259409
f1: 0.4579155239741513
accuracy: 0.444015444015444
memory_fit: 1431.3125
time_fit: 4.587522745132446
memory_predict: 2786.02734375
time_predict: 1.4412691593170166