precision: 0.43874651647760887
recall: 0.4418672750251698
f1: 0.44030136600951714
accuracy: 0.4247104247104247
memory_fit: 1088.0546875
time_fit: 4.878751754760742
memory_predict: 2105.265625
time_predict: 1.393007755279541