precision: 0.48168034501778345
recall: 0.47908981856350275
f1: 0.4803815893698932
accuracy: 0.4864864864864865
memory_fit: 904.48828125
time_fit: 5.195337772369385
memory_predict: 1744.640625
time_predict: 1.358576774597168