precision: 0.518274064340389
recall: 0.5075969839127733
f1: 0.5128799615650624
accuracy: 0.5019305019305019
memory_fit: 1285.0859375
time_fit: 5.131436109542847
memory_predict: 2493.57421875
time_predict: 1.4409115314483643