epochs: 132
precision: 0.5043451070610951
recall: 0.4944919992288413
f1: 0.4993699547632388
accuracy: 0.4826254826254826
memory_fit: 1136.625
time_fit: 11.707616090774536
memory_predict: 1136.60546875
time_predict: 0.31088733673095703