precision: 0.4843675237111658
recall: 0.4436454383822805
f1: 0.46311301926263765
accuracy: 0.4362934362934363
memory_fit: 868.04296875
time_fit: 4.320783615112305
memory_predict: 1674.65234375
time_predict: 1.415550947189331