epochs: 149
precision: 0.482580311226875
recall: 0.47133410449199914
f1: 0.4768909140893465
accuracy: 0.46332046332046334
memory_fit: 777.50390625
time_fit: 11.982834100723267
memory_predict: 781.3828125
time_predict: 0.39926910400390625