epochs: 161
precision: 0.4975145135106199
recall: 0.47664460296039246
f1: 0.4868560048349322
accuracy: 0.47104247104247104
memory_fit: 788.42578125
time_fit: 14.283067226409912
memory_predict: 789.140625
time_predict: 0.47314953804016113