epochs: 76
precision: 0.5025603091286167
recall: 0.4893629372576741
f1: 0.49587382878721004
accuracy: 0.4864864864864865
memory_fit: 1022.95703125
time_fit: 7.20668625831604
memory_predict: 1022.94140625
time_predict: 0.45973896980285645