precision: 0.5017247969605824
recall: 0.5044703639440481
f1: 0.5030938345895077
accuracy: 0.4517374517374517
memory_fit: 662.59375
time_fit: 4.626269340515137
memory_predict: 1237.75
time_predict: 1.387803554534912