precision: 0.49227469238390753
recall: 0.4862181093760041
f1: 0.4892276566451154
accuracy: 0.47104247104247104
memory_fit: 1438.67578125
time_fit: 4.916016340255737
memory_predict: 2805.84765625
time_predict: 1.3542497158050537