precision: 0.4531425690021331
recall: 0.4694130625709573
f1: 0.4611343399071981
accuracy: 0.4362934362934363
memory_fit: 709.296875
time_fit: 5.5487236976623535
memory_predict: 1351.01953125
time_predict: 1.3035223484039307