epochs: 114
precision: 0.4334790117597426
recall: 0.410953071559101
f1: 0.41683992699582734
accuracy: 0.4256410256410256
memory_fit: 530.8828125
time_fit: 10.81205415725708
memory_predict: 531.03125
time_predict: 0.5008490085601807