epochs: 114
precision: 0.44478973407544836
recall: 0.4791626320050664
f1: 0.4567482020467096
accuracy: 0.46153846153846156
memory_fit: 511.46484375
time_fit: 11.021011352539062
memory_predict: 511.71484375
time_predict: 0.40374135971069336