epochs: 114
precision: 0.4209121817016554
recall: 0.44198481514188703
f1: 0.4272976542508832
accuracy: 0.41025641025641024
memory_fit: 541.6796875
time_fit: 10.434389591217041
memory_predict: 544.02734375
time_predict: 0.41422605514526367