epochs: 114
precision: 0.4196336331142626
recall: 0.4210358398765463
f1: 0.4144386701651828
accuracy: 0.41025641025641024
memory_fit: 489.78125
time_fit: 10.291445255279541
memory_predict: 491.68359375
time_predict: 0.3625972270965576