epochs: 114
precision: 0.44225832957635874
recall: 0.45897205067257424
f1: 0.44671086433100154
accuracy: 0.4358974358974359
memory_fit: 456.0
time_fit: 12.803438663482666
memory_predict: 457.41796875
time_predict: 0.2486116886138916