precision: 0.36914746161622547
recall: 0.3609431698905383
f1: 0.36499921846092576
accuracy: 0.37065637065637064
memory_fit: 294.671875
time_fit: 226.99363923072815
memory_predict: 294.671875
time_predict: 0.9899377822875977