precision: 0.3551934895795115
recall: 0.34563267142214515
f1: 0.3503478651529113
accuracy: 0.3667953667953668
memory_fit: 295.23828125
time_fit: 137.706782579422
memory_predict: 295.23828125
time_predict: 1.0130515098571777