precision: 0.39229494828859707
recall: 0.3750543024227235
f1: 0.38348094570483837
accuracy: 0.3745173745173745
memory_fit: 87.48046875
time_fit: 98.99094724655151
memory_predict: 87.02734375
time_predict: 0.8036940097808838