precision: 0.4040531250814502
recall: 0.37731786731786726
f1: 0.39022811167000626
accuracy: 0.38223938223938225
memory_fit: 88.27734375
time_fit: 72.93826699256897
memory_predict: 87.46875
time_predict: 0.7957768440246582