precision: 0.3899084633853542
recall: 0.3746293083135188
f1: 0.3821162102143332
accuracy: 0.38996138996138996
memory_fit: 295.38671875
time_fit: 119.85950779914856
memory_predict: 295.38671875
time_predict: 1.0180749893188477