precision: 0.4109585255043377
recall: 0.36864940128098017
f1: 0.38865591067856664
accuracy: 0.3783783783783784
memory_fit: 89.15234375
time_fit: 85.38700008392334
memory_predict: 88.75390625
time_predict: 0.9167721271514893