precision: 0.3396314462479876
recall: 0.3528500739027055
f1: 0.3461145963352398
accuracy: 0.35135135135135137
memory_fit: 295.1484375
time_fit: 155.28674721717834
memory_predict: 295.1484375
time_predict: 4.264958143234253