precision: 0.40049409306384137
recall: 0.39546687230897754
f1: 0.3979646069402249
accuracy: 0.38223938223938225
memory_fit: 87.26171875
time_fit: 75.7632052898407
memory_predict: 87.26953125
time_predict: 0.7957568168640137