precision: 0.3385331143951834
recall: 0.3464595248805775
f1: 0.34245045930334506
accuracy: 0.3436293436293436
memory_fit: 88.328125
time_fit: 77.61945581436157
memory_predict: 87.78125
time_predict: 0.8073551654815674