precision: 0.43384852734234974
recall: 0.3970385365122207
f1: 0.41462815310875584
accuracy: 0.42084942084942084
memory_fit: 295.05078125
time_fit: 204.26617097854614
memory_predict: 295.05078125
time_predict: 1.0509068965911865