precision: 0.3445351011388747
recall: 0.360742882848146
f1: 0.3524527589096061
accuracy: 0.3474903474903475
memory_fit: 295.05078125
time_fit: 9.968755006790161
memory_predict: 295.05078125
time_predict: 0.3036680221557617