precision: 0.36400658924598733
recall: 0.41127669601353817
f1: 0.38620058035207694
accuracy: 0.3745173745173745
memory_fit: 88.0546875
time_fit: 10.448166847229004
memory_predict: 88.0546875
time_predict: 0.22891712188720703