precision: 0.4037130371716838
recall: 0.43245078508236395
f1: 0.4175880735960293
accuracy: 0.4092664092664093
memory_fit: 295.23828125
time_fit: 8.593689918518066
memory_predict: 295.23828125
time_predict: 0.29678916931152344