precision: 0.3574463811985034
recall: 0.4085140200929675
f1: 0.3812778256026796
accuracy: 0.37065637065637064
memory_fit: 88.3671875
time_fit: 9.465607166290283
memory_predict: 88.37109375
time_predict: 0.2508101463317871