precision: 0.32765489059136954
recall: 0.36807488807488803
f1: 0.34669074367581654
accuracy: 0.3166023166023166
memory_fit: 295.1484375
time_fit: 12.671235799789429
memory_predict: 295.1484375
time_predict: 0.2939894199371338