precision: 0.35794311433643744
recall: 0.39908446329498964
f1: 0.37739585689081256
accuracy: 0.37065637065637064
memory_fit: 87.99609375
time_fit: 6.555163145065308
memory_predict: 88.0078125
time_predict: 0.23064684867858887