precision: 0.3601528701113902
recall: 0.3910558447400553
f1: 0.37496871927215797
accuracy: 0.3590733590733591
memory_fit: 295.38671875
time_fit: 9.393594026565552
memory_predict: 295.38671875
time_predict: 0.31232619285583496