precision: 0.37943732703557126
recall: 0.4328800634063792
f1: 0.4044006840640026
accuracy: 0.3861003861003861
memory_fit: 294.44140625
time_fit: 10.100829362869263
memory_predict: 294.48046875
time_predict: 0.2849390506744385