precision: 0.4037130371716838
recall: 0.43245078508236395
f1: 0.4175880735960293
accuracy: 0.4092664092664093
memory_fit: 295.2265625
time_fit: 8.570192813873291
memory_predict: 295.2265625
time_predict: 0.28369975090026855