precision: 0.357945338818643
recall: 0.40545080650343807
f1: 0.38021996101888716
accuracy: 0.3667953667953668
memory_fit: 89.46875
time_fit: 9.000493049621582
memory_predict: 89.47265625
time_predict: 0.23257088661193848