precision: 0.3654402345614195
recall: 0.4110590579011632
f1: 0.38690960827948406
accuracy: 0.37065637065637064
memory_fit: 94.03515625
time_fit: 29.279196977615356
memory_predict: 82.33203125
time_predict: 0.307481050491333