precision: 0.37943732703557126
recall: 0.4328800634063792
f1: 0.4044006840640026
accuracy: 0.3861003861003861
memory_fit: 294.4296875
time_fit: 9.438350915908813
memory_predict: 294.4609375
time_predict: 0.27451658248901367