precision: 0.3445351011388747
recall: 0.360742882848146
f1: 0.3524527589096061
accuracy: 0.3474903474903475
memory_fit: 295.05078125
time_fit: 9.552531719207764
memory_predict: 295.05078125
time_predict: 0.28295183181762695