precision: 0.3458307356803597
recall: 0.36444058865111495
f1: 0.3548918633414506
accuracy: 0.33976833976833976
memory_fit: 295.1484375
time_fit: 18.923376083374023
memory_predict: 295.1484375
time_predict: 0.39998769760131836