precision: 0.36309334118664743
recall: 0.3827511085405822
f1: 0.3726631709700833
accuracy: 0.37065637065637064
memory_fit: 295.05078125
time_fit: 28.16742444038391
memory_predict: 295.05078125
time_predict: 0.3984720706939697