precision: 0.40409330786015424
recall: 0.41903969325021956
f1: 0.4114308029000528
accuracy: 0.40540540540540543
memory_fit: 88.0546875
time_fit: 13.214915037155151
memory_predict: 87.5
time_predict: 0.3007056713104248