precision: 0.36206102957596775
recall: 0.39436968489600066
f1: 0.3775253738782107
accuracy: 0.36293436293436293
memory_fit: 295.38671875
time_fit: 20.634450674057007
memory_predict: 295.38671875
time_predict: 1.1247332096099854