precision: 0.40317267956338804
recall: 0.43690893901420214
f1: 0.41936341367831875
accuracy: 0.40540540540540543
memory_fit: 294.47265625
time_fit: 20.230612754821777
memory_predict: 294.4765625
time_predict: 0.35971808433532715