precision: 0.37782242671860333
recall: 0.4024957693378746
f1: 0.3897690175206431
accuracy: 0.3783783783783784
memory_fit: 86.55078125
time_fit: 21.428228855133057
memory_predict: 86.63671875
time_predict: 0.3981609344482422