precision: 0.3825187839728668
recall: 0.4083540046697941
f1: 0.395014418348681
accuracy: 0.38996138996138996
memory_fit: 295.23828125
time_fit: 18.794791221618652
memory_predict: 295.23828125
time_predict: 0.40367794036865234