precision: 0.40317267956338804
recall: 0.43690893901420214
f1: 0.41936341367831875
accuracy: 0.40540540540540543
memory_fit: 294.49609375
time_fit: 20.634236574172974
memory_predict: 294.5
time_predict: 0.377471923828125