precision: 0.3825690710089206
recall: 0.39279930595720064
f1: 0.3876166994609351
accuracy: 0.3590733590733591
memory_fit: 88.37109375
time_fit: 18.8731529712677
memory_predict: 85.2734375
time_predict: 0.39983510971069336