precision: 0.3382687882481913
recall: 0.36758263179315814
f1: 0.3523170115049669
accuracy: 0.3436293436293436
memory_fit: 88.0078125
time_fit: 10.328665018081665
memory_predict: 87.48046875
time_predict: 0.30156874656677246