precision: 0.3932096429651337
recall: 0.4204264935843884
f1: 0.4063628543748646
accuracy: 0.3861003861003861
memory_fit: 89.47265625
time_fit: 12.894027948379517
memory_predict: 88.875
time_predict: 0.3167390823364258