precision: 0.3946016419796811
recall: 0.408276246170983
f1: 0.4013224912482281
accuracy: 0.416988416988417
memory_fit: 295.23828125
time_fit: 28.212722063064575
memory_predict: 295.23828125
time_predict: 0.5167546272277832