precision: 0.33745365867988764
recall: 0.36138230190861764
f1: 0.3490083133630563
accuracy: 0.3359073359073359
memory_fit: 295.1484375
time_fit: 29.02262020111084
memory_predict: 295.1484375
time_predict: 0.47023582458496094