precision: 0.3635707848362438
recall: 0.3803373819163292
f1: 0.37176513614448425
accuracy: 0.3590733590733591
memory_fit: 88.1953125
time_fit: 26.91411280632019
memory_predict: 88.1953125
time_predict: 0.3846290111541748