precision: 0.37417177464125057
recall: 0.37232268705952914
f1: 0.3732449407296587
accuracy: 0.36293436293436293
memory_fit: 295.38671875
time_fit: 32.68723177909851
memory_predict: 295.38671875
time_predict: 0.4768807888031006