precision: 0.3750855568869546
recall: 0.4139631129104813
f1: 0.3935665585154497
accuracy: 0.3783783783783784
memory_fit: 294.5078125
time_fit: 37.193416118621826
memory_predict: 294.5078125
time_predict: 0.4956834316253662