precision: 0.3769280983566698
recall: 0.40791958528800637
f1: 0.39181195732409063
accuracy: 0.3861003861003861
memory_fit: 89.43359375
time_fit: 33.81561589241028
memory_predict: 89.1328125
time_predict: 0.8179111480712891