precision: 0.38201540199206774
recall: 0.4060347449821134
f1: 0.3936590251842708
accuracy: 0.3938223938223938
memory_fit: 87.2734375
time_fit: 34.41129398345947
memory_predict: 85.16015625
time_predict: 0.4130120277404785