precision: 0.35144560803351305
recall: 0.36128569286464024
f1: 0.35629772353934097
accuracy: 0.37065637065637064
memory_fit: 295.05078125
time_fit: 28.03738832473755
memory_predict: 295.05078125
time_predict: 0.48331427574157715