precision: 0.3711469032057267
recall: 0.40904419167577066
f1: 0.3891751290440225
accuracy: 0.37065637065637064
memory_fit: 86.98046875
time_fit: 21.151587963104248
memory_predict: 87.03515625
time_predict: 0.3890411853790283