precision: 0.3750855568869546
recall: 0.4139631129104813
f1: 0.3935665585154497
accuracy: 0.3783783783783784
memory_fit: 294.4765625
time_fit: 34.589112281799316
memory_predict: 294.4765625
time_predict: 0.4469475746154785