precision: 0.377545695165607
recall: 0.3908296381980593
f1: 0.3840728379420056
accuracy: 0.38223938223938225
memory_fit: 88.125
time_fit: 22.398702144622803
memory_predict: 88.12890625
time_predict: 0.37549376487731934