precision: 0.37226354178034843
recall: 0.38314782683203735
f1: 0.37762727162536175
accuracy: 0.3783783783783784
memory_fit: 295.1484375
time_fit: 46.82611131668091
memory_predict: 295.1484375
time_predict: 0.5543360710144043