precision: 0.3983704633859433
recall: 0.41758048968575284
f1: 0.40774934461636797
accuracy: 0.38996138996138996
memory_fit: 87.94921875
time_fit: 31.066744089126587
memory_predict: 87.97265625
time_predict: 0.5310947895050049