precision: 0.40599984151352064
recall: 0.42658376711008295
f1: 0.4160373565971361
accuracy: 0.4092664092664093
memory_fit: 88.12890625
time_fit: 42.4294970035553
memory_predict: 87.58203125
time_predict: 0.4535369873046875