precision: 0.39064859001681784
recall: 0.3879885611464559
f1: 0.3893140319032492
accuracy: 0.3783783783783784
memory_fit: 295.23828125
time_fit: 43.20047664642334
memory_predict: 295.23828125
time_predict: 0.583749532699585