precision: 0.3619464499882457
recall: 0.3773073709915815
f1: 0.3694673185558754
accuracy: 0.37065637065637064
memory_fit: 89.1328125
time_fit: 56.5910382270813
memory_predict: 86.55078125
time_predict: 0.763638973236084