precision: 0.34877759793057445
recall: 0.3827708159287107
f1: 0.36498441718505636
accuracy: 0.3552123552123552
memory_fit: 86.45703125
time_fit: 46.52348494529724
memory_predict: 86.29296875
time_predict: 0.46829795837402344