precision: 0.37490833140672025
recall: 0.3978030546451599
f1: 0.3860165182954867
accuracy: 0.3861003861003861
memory_fit: 294.5078125
time_fit: 54.927568674087524
memory_predict: 294.51171875
time_predict: 0.5805022716522217