precision: 0.396660651675866
recall: 0.37052267420688473
f1: 0.38314640178728104
accuracy: 0.3552123552123552
memory_fit: 295.38671875
time_fit: 49.82815909385681
memory_predict: 295.38671875
time_predict: 0.5893683433532715