precision: 0.37490833140672025
recall: 0.3978030546451599
f1: 0.3860165182954867
accuracy: 0.3861003861003861
memory_fit: 294.5
time_fit: 51.60955786705017
memory_predict: 294.5
time_predict: 0.5409135818481445