precision: 0.3516933724119257
recall: 0.36268063320694893
f1: 0.35710250932365234
accuracy: 0.3552123552123552
memory_fit: 295.05078125
time_fit: 56.303059816360474
memory_predict: 295.05078125
time_predict: 0.556082010269165