precision: 0.3949025862338556
recall: 0.39326392905340274
f1: 0.3940815541981624
accuracy: 0.36293436293436293
memory_fit: 88.1953125
time_fit: 56.154099225997925
memory_predict: 87.75390625
time_predict: 0.4662058353424072