precision: 0.39064859001681784
recall: 0.3879885611464559
f1: 0.3893140319032492
accuracy: 0.3783783783783784
memory_fit: 295.2265625
time_fit: 41.581775426864624
memory_predict: 295.2265625
time_predict: 0.5545604228973389