precision: 0.37777638132476843
recall: 0.38274254011096115
f1: 0.3802432463066289
accuracy: 0.38223938223938225
memory_fit: 88.3125
time_fit: 53.565406799316406
memory_predict: 88.3125
time_predict: 0.5403401851654053