precision: 0.3526694078398925
recall: 0.34657155709787296
f1: 0.34959389379234884
accuracy: 0.35135135135135137
memory_fit: 295.23828125
time_fit: 87.5708281993866
memory_predict: 295.23828125
time_predict: 0.7085542678833008