precision: 0.3655539919317009
recall: 0.38252083199451625
f1: 0.37384500229197015
accuracy: 0.3667953667953668
memory_fit: 86.953125
time_fit: 48.65741801261902
memory_predict: 86.78515625
time_predict: 0.5564150810241699