precision: 0.3541956763154919
recall: 0.34825289720026564
f1: 0.35119914853072315
accuracy: 0.33976833976833976
memory_fit: 87.26953125
time_fit: 60.79027485847473
memory_predict: 87.2734375
time_predict: 0.5387871265411377