precision: 0.3599220377806295
recall: 0.3611162521688837
f1: 0.3605181560203384
accuracy: 0.3474903474903475
memory_fit: 88.16015625
time_fit: 77.48115491867065
memory_predict: 88.2265625
time_predict: 0.6352739334106445