precision: 0.3655371642234538
recall: 0.37549664760191076
f1: 0.3704499782586516
accuracy: 0.3783783783783784
memory_fit: 295.05078125
time_fit: 91.72912764549255
memory_predict: 295.05078125
time_predict: 0.6749677658081055