precision: 0.3655371642234538
recall: 0.37549664760191076
f1: 0.3704499782586516
accuracy: 0.3783783783783784
memory_fit: 295.05078125
time_fit: 88.27577948570251
memory_predict: 295.05078125
time_predict: 0.7217426300048828