precision: 0.3586417664702638
recall: 0.36228691386586126
f1: 0.36045512490176923
accuracy: 0.35135135135135137
memory_fit: 88.13671875
time_fit: 45.84596610069275
memory_predict: 88.2109375
time_predict: 0.5327730178833008