precision: 0.3629678576800822
recall: 0.3710344236660026
f1: 0.36695681554731807
accuracy: 0.36293436293436293
memory_fit: 295.1484375
time_fit: 57.15033173561096
memory_predict: 295.1484375
time_predict: 0.7178094387054443