precision: 0.41034915687165835
recall: 0.4136396546922863
f1: 0.41198783568310954
accuracy: 0.416988416988417
memory_fit: 295.38671875
time_fit: 83.3289361000061
memory_predict: 295.38671875
time_predict: 0.6724085807800293