precision: 0.3526694078398925
recall: 0.34657155709787296
f1: 0.34959389379234884
accuracy: 0.35135135135135137
memory_fit: 295.2265625
time_fit: 83.04831504821777
memory_predict: 295.2265625
time_predict: 0.682842493057251