precision: 0.3747678248958087
recall: 0.39687316582053417
f1: 0.3855038674811682
accuracy: 0.3745173745173745
memory_fit: 294.5390625
time_fit: 80.22915148735046
memory_predict: 294.54296875
time_predict: 0.7094638347625732