precision: 0.37446917430939985
recall: 0.36566330355804044
f1: 0.37001385414990884
accuracy: 0.3861003861003861
memory_fit: 295.05078125
time_fit: 91.12434220314026
memory_predict: 295.05078125
time_predict: 0.8660500049591064