precision: 0.40165865151796176
recall: 0.37695906432748544
f1: 0.3889170933924768
accuracy: 0.37065637065637064
memory_fit: 295.38671875
time_fit: 83.05461549758911
memory_predict: 295.38671875
time_predict: 0.8121716976165771