precision: 0.3909836600921456
recall: 0.3717535291219502
f1: 0.3811261795639897
accuracy: 0.3783783783783784
memory_fit: 295.23828125
time_fit: 84.61780166625977
memory_predict: 295.23828125
time_predict: 0.8145556449890137