precision: 0.375159759047185
recall: 0.3879337231968811
f1: 0.38143982488968764
accuracy: 0.3667953667953668
memory_fit: 87.73828125
time_fit: 101.50486397743225
memory_predict: 87.74609375
time_predict: 0.9827048778533936