precision: 0.3815276161020526
recall: 0.3929314739841056
f1: 0.38714558452388653
accuracy: 0.37065637065637064
memory_fit: 295.1484375
time_fit: 83.22142934799194
memory_predict: 295.1484375
time_predict: 0.7867395877838135