precision: 0.3532583046683927
recall: 0.3807426686374055
f1: 0.3664859163115418
accuracy: 0.3552123552123552
memory_fit: 88.3125
time_fit: 54.006903886795044
memory_predict: 87.765625
time_predict: 0.6340453624725342