precision: 0.40230301561349496
recall: 0.4053854722275775
f1: 0.403838361987761
accuracy: 0.3938223938223938
memory_fit: 88.2109375
time_fit: 66.4463140964508
memory_predict: 87.66015625
time_predict: 0.6151371002197266