precision: 0.39545505236371753
recall: 0.3700278473962685
f1: 0.3823191394974493
accuracy: 0.3474903474903475
memory_fit: 88.2265625
time_fit: 80.1381049156189
memory_predict: 86.23828125
time_predict: 0.6294431686401367