precision: 0.3477274434678086
recall: 0.34820941241993875
f1: 0.34796826105080797
accuracy: 0.3359073359073359
memory_fit: 89.01171875
time_fit: 42.330891847610474
memory_predict: 88.55078125
time_predict: 0.6848349571228027