precision: 0.421209644161659
recall: 0.413786817471028
f1: 0.41746523764894056
accuracy: 0.40540540540540543
memory_fit: 294.5703125
time_fit: 105.74421000480652
memory_predict: 294.5703125
time_predict: 0.763899564743042