precision: 0.421209644161659
recall: 0.413786817471028
f1: 0.41746523764894056
accuracy: 0.40540540540540543
memory_fit: 294.5625
time_fit: 98.67625451087952
memory_predict: 294.5625
time_predict: 0.7465898990631104