precision: 0.386243222627662
recall: 0.3693012445644025
f1: 0.37758228407409167
accuracy: 0.38223938223938225
memory_fit: 86.3671875
time_fit: 61.7381808757782
memory_predict: 86.18359375
time_predict: 0.7229580879211426