precision: 0.38030606561755864
recall: 0.3496624038729302
f1: 0.3643410329876571
accuracy: 0.36293436293436293
memory_fit: 89.140625
time_fit: 73.58288097381592
memory_predict: 89.1484375
time_predict: 1.0725047588348389