precision: 0.3896441538713202
recall: 0.38148876464665943
f1: 0.3855233341557757
accuracy: 0.38223938223938225
memory_fit: 295.1484375
time_fit: 193.2897608280182
memory_predict: 295.1484375
time_predict: 0.8817613124847412