precision: 0.41678146918618786
recall: 0.4065102928260823
f1: 0.41158181072832584
accuracy: 0.39768339768339767
memory_fit: 88.32421875
time_fit: 78.41963315010071
memory_predict: 88.328125
time_predict: 0.7056949138641357