precision: 0.3468767551613734
recall: 0.328312447786132
f1: 0.3373393889297591
accuracy: 0.3436293436293436
memory_fit: 295.38671875
time_fit: 93.4993052482605
memory_predict: 295.38671875
time_predict: 0.9217686653137207