precision: 0.39867257300125186
recall: 0.39378467536362266
f1: 0.3962135498403417
accuracy: 0.39768339768339767
memory_fit: 88.26953125
time_fit: 79.16622996330261
memory_predict: 88.27734375
time_predict: 0.704200029373169