precision: 0.41145382395382396
recall: 0.42654221022642075
f1: 0.4188621814828967
accuracy: 0.4092664092664093
memory_fit: 294.59765625
time_fit: 108.69769263267517
memory_predict: 294.59765625
time_predict: 0.897528886795044