precision: 0.35932152460255506
recall: 0.3509316025105499
f1: 0.35507701024237276
accuracy: 0.36293436293436293
memory_fit: 295.23828125
time_fit: 116.15273785591125
memory_predict: 295.23828125
time_predict: 0.9060494899749756