precision: 0.41602048477048476
recall: 0.39553370606002186
f1: 0.4055185124970246
accuracy: 0.38996138996138996
memory_fit: 87.74609375
time_fit: 72.9217460155487
memory_predict: 87.47265625
time_predict: 0.819929838180542