precision: 0.39671437914997637
recall: 0.3740704324914851
f1: 0.38505979137858787
accuracy: 0.37065637065637064
memory_fit: 295.05078125
time_fit: 139.82551074028015
memory_predict: 295.05078125
time_predict: 0.9259865283966064