precision: 0.3466983345062163
recall: 0.325249822491216
f1: 0.32949294931999956
accuracy: 0.3333333333333333
memory_fit: 298.75390625
time_fit: 64.8597240447998
memory_predict: 291.94140625
time_predict: 0.528749942779541