precision: 0.41359732298716584
recall: 0.4035923549346299
f1: 0.40302856671720005
accuracy: 0.41025641025641024
memory_fit: 160.77734375
time_fit: 65.57719016075134
memory_predict: 150.47265625
time_predict: 0.5231771469116211