precision: 0.40745028391660415
recall: 0.3960851415229495
f1: 0.3913084017431843
accuracy: 0.38974358974358975
memory_fit: 152.42578125
time_fit: 68.5410418510437
memory_predict: 120.9140625
time_predict: 0.4856131076812744