precision: 0.36119327904182985
recall: 0.38016357909953047
f1: 0.3617785032562521
accuracy: 0.37435897435897436
memory_fit: 295.69140625
time_fit: 138.93087720870972
memory_predict: 149.5078125
time_predict: 0.453585147857666