precision: 0.36230158730158735
recall: 0.3864636429847336
f1: 0.37211249757969106
accuracy: 0.36923076923076925
memory_fit: 325.06640625
time_fit: 65.28110599517822
memory_predict: 296.48828125
time_predict: 0.46227312088012695