precision: 0.4202840899455306
recall: 0.4349688323372534
f1: 0.4275003922011447
accuracy: 0.42084942084942084
memory_fit: 299.39453125
time_fit: 0.07879900932312012
memory_predict: 5510.19921875
time_predict: 1611.4047281742096