precision: 0.40225275108996045
recall: 0.40233725338988496
f1: 0.40229499780248335
accuracy: 0.40540540540540543
memory_fit: 299.78515625
time_fit: 0.08394742012023926
memory_predict: 5506.5703125
time_predict: 1662.7599725723267