precision: 0.36091234162662733
recall: 0.3636201615148984
f1: 0.36226119155722614
accuracy: 0.3745173745173745
memory_fit: 299.2421875
time_fit: 0.28227853775024414
memory_predict: 5506.5234375
time_predict: 2163.822458744049