precision: 0.41273430535311223
recall: 0.4081175160122529
f1: 0.4104129273748169
accuracy: 0.39768339768339767
memory_fit: 299.8515625
time_fit: 0.08729839324951172
memory_predict: 5517.07421875
time_predict: 1568.2097141742706