precision: 0.4138500532378084
recall: 0.4116365700576227
f1: 0.41274034399951226
accuracy: 0.3783783783783784
memory_fit: 299.8125
time_fit: 0.08306384086608887
memory_predict: 5526.41796875
time_predict: 1581.9065473079681