precision: 0.4564261416909341
recall: 0.4086491870702398
f1: 0.43121833569501644
accuracy: 0.4247104247104247
memory_fit: 300.18359375
time_fit: 0.0823054313659668
memory_predict: 5534.14453125
time_predict: 419.7001836299896