precision: 0.45255871579401
recall: 0.4288419767367136
f1: 0.440381261134003
accuracy: 0.44015444015444016
memory_fit: 299.2421875
time_fit: 0.06554937362670898
memory_predict: 5543.15234375
time_predict: 415.44917035102844