precision: 0.486747816643287
recall: 0.42473020157230684
f1: 0.45362914770564156
accuracy: 0.44015444015444016
memory_fit: 299.72265625
time_fit: 0.0746307373046875
memory_predict: 5538.65234375
time_predict: 408.20142364501953