precision: 0.5409493026951204
recall: 0.4851686909581647
f1: 0.5115428570332688
accuracy: 0.4864864864864865
memory_fit: 300.11328125
time_fit: 0.0944209098815918
memory_predict: 5540.03515625
time_predict: 412.54507064819336