precision: 0.5090275572222046
recall: 0.4508534155902577
f1: 0.4781776476530585
accuracy: 0.4555984555984556
memory_fit: 299.08984375
time_fit: 0.0814199447631836
memory_predict: 5529.86328125
time_predict: 464.2566828727722