precision: 0.4863330465533578
recall: 0.4416104363472785
f1: 0.46289402933718765
accuracy: 0.44787644787644787
memory_fit: 299.359375
time_fit: 0.06445574760437012
memory_predict: 5530.66796875
time_predict: 411.15064549446106