precision: 0.47716791619817067
recall: 0.4302309191782876
f1: 0.4524854632487072
accuracy: 0.4594594594594595
memory_fit: 300.18359375
time_fit: 0.08813953399658203
memory_predict: 5531.2734375
time_predict: 412.8831763267517