precision: 0.5491308929780155
recall: 0.473213589529379
f1: 0.5083535059538418
accuracy: 0.4980694980694981
memory_fit: 300.1171875
time_fit: 0.08350086212158203
memory_predict: 5542.796875
time_predict: 410.6603260040283