precision: 0.4945272490192632
recall: 0.43948825054088214
f1: 0.4653861003776111
accuracy: 0.4517374517374517
memory_fit: 299.203125
time_fit: 0.06421995162963867
memory_predict: 5525.66796875
time_predict: 453.63396525382996