precision: 0.45954603321735077
recall: 0.39053874001242417
f1: 0.42224148565451725
accuracy: 0.42084942084942084
memory_fit: 299.72265625
time_fit: 0.07342314720153809
memory_predict: 5541.46875
time_predict: 409.31884837150574