precision: 0.368850666529238
recall: 0.36891116680590363
f1: 0.3688809141869034
accuracy: 0.3783783783783784
memory_fit: 293.6796875
time_fit: 0.08732914924621582
memory_predict: 5481.3984375
time_predict: 534.39386510849