precision: 0.42489989081133156
recall: 0.44025983762825865
f1: 0.43244351485073446
accuracy: 0.4247104247104247
memory_fit: 293.734375
time_fit: 0.09654021263122559
memory_predict: 5481.2265625
time_predict: 518.7196311950684