precision: 0.3986627282491944
recall: 0.4006580553948975
f1: 0.39965790137609497
accuracy: 0.39768339768339767
memory_fit: 299.7265625
time_fit: 0.07444381713867188
memory_predict: 5540.28515625
time_predict: 406.27535605430603