precision: 0.4210600146801705
recall: 0.4175959128590708
f1: 0.4193208094641224
accuracy: 0.38223938223938225
memory_fit: 299.7109375
time_fit: 0.07591962814331055
memory_predict: 5530.22265625
time_predict: 417.9607141017914