precision: 0.4179767185239142
recall: 0.41340852130325817
f1: 0.41568006951886716
accuracy: 0.4015444015444015
memory_fit: 300.1796875
time_fit: 0.0892941951751709
memory_predict: 5539.10546875
time_predict: 413.7972803115845