precision: 0.3986627282491944
recall: 0.4006580553948975
f1: 0.39965790137609497
accuracy: 0.39768339768339767
memory_fit: 299.8359375
time_fit: 0.08527898788452148
memory_predict: 5524.26953125
time_predict: 429.20350217819214