precision: 0.4179767185239142
recall: 0.41340852130325817
f1: 0.41568006951886716
accuracy: 0.4015444015444015
memory_fit: 299.82421875
time_fit: 0.08692550659179688
memory_predict: 5500.671875
time_predict: 412.86906123161316