precision: 0.42489989081133156
recall: 0.44025983762825865
f1: 0.43244351485073446
accuracy: 0.4247104247104247
memory_fit: 293.61328125
time_fit: 0.08483743667602539
memory_predict: 5481.0625
time_predict: 423.99153232574463