precision: 0.4210600146801705
recall: 0.4175959128590708
f1: 0.4193208094641224
accuracy: 0.38223938223938225
memory_fit: 299.80078125
time_fit: 0.0747840404510498
memory_predict: 5502.28125
time_predict: 410.51958203315735