precision: 0.368850666529238
recall: 0.36891116680590363
f1: 0.3688809141869034
accuracy: 0.3783783783783784
memory_fit: 293.28125
time_fit: 0.09552812576293945
memory_predict: 5481.2578125
time_predict: 489.3926239013672