precision: 0.46949762496874964
recall: 0.4114371398581924
f1: 0.4385540625708062
accuracy: 0.43243243243243246
memory_fit: 299.3125
time_fit: 0.06296753883361816
memory_predict: 5529.29296875
time_predict: 482.1475422382355