precision: 0.4739975762859058
recall: 0.41632114474219734
f1: 0.4432911695634138
accuracy: 0.4517374517374517
memory_fit: 300.18359375
time_fit: 0.0758352279663086
memory_predict: 5528.69140625
time_predict: 426.0206108093262