precision: 0.5650735134430787
recall: 0.49124756335282654
f1: 0.5255807021026945
accuracy: 0.5212355212355212
memory_fit: 300.171875
time_fit: 0.07535028457641602
memory_predict: 5540.4375
time_predict: 419.7491207122803