precision: 0.4908570607211539
recall: 0.43670351091403725
f1: 0.4621994688626759
accuracy: 0.4555984555984556
memory_fit: 299.47265625
time_fit: 0.08939528465270996
memory_predict: 5531.66796875
time_predict: 415.03069949150085