precision: 0.4732702792051047
recall: 0.39596898228477173
f1: 0.4311824352739677
accuracy: 0.42857142857142855
memory_fit: 299.72265625
time_fit: 0.0974729061126709
memory_predict: 5539.1875
time_predict: 406.18554282188416