precision: 0.5378929989286771
recall: 0.44444187391555806
f1: 0.48672235714842155
accuracy: 0.46332046332046334
memory_fit: 300.17578125
time_fit: 0.08682847023010254
memory_predict: 5537.98828125
time_predict: 411.8866000175476