precision: 0.48704822864538927
recall: 0.39772893772893775
f1: 0.43788013968691475
accuracy: 0.42857142857142855
memory_fit: 299.72265625
time_fit: 0.0721137523651123
memory_predict: 5536.95703125
time_predict: 402.57402420043945