precision: 0.4537133155469318
recall: 0.3979587858535227
f1: 0.42401107159370155
accuracy: 0.4362934362934363
memory_fit: 299.4296875
time_fit: 0.06933712959289551
memory_predict: 5537.56640625
time_predict: 493.0535259246826