precision: 0.48921708433576555
recall: 0.4066214682004156
f1: 0.4441116505606099
accuracy: 0.444015444015444
memory_fit: 300.18359375
time_fit: 0.0824289321899414
memory_predict: 5539.49609375
time_predict: 413.068968296051