precision: 0.4634773303556889
recall: 0.42115074009810854
f1: 0.4413014400455622
accuracy: 0.444015444015444
memory_fit: 299.5859375
time_fit: 0.06415820121765137
memory_predict: 5543.59375
time_predict: 417.7752151489258