precision: 0.41273430535311223
recall: 0.4081175160122529
f1: 0.4104129273748169
accuracy: 0.39768339768339767
memory_fit: 299.88671875
time_fit: 0.08252310752868652
memory_predict: 5529.3515625
time_predict: 2065.946044445038