precision: 0.36091234162662733
recall: 0.3636201615148984
f1: 0.36226119155722614
accuracy: 0.3745173745173745
memory_fit: 298.8828125
time_fit: 0.07126832008361816
memory_predict: 5527.26953125
time_predict: 2361.0368342399597