precision: 0.4202840899455306
recall: 0.4349688323372534
f1: 0.4275003922011447
accuracy: 0.42084942084942084
memory_fit: 299.015625
time_fit: 0.08080720901489258
memory_predict: 5529.6875
time_predict: 2059.8699827194214