precision: 0.40225275108996045
recall: 0.40233725338988496
f1: 0.40229499780248335
accuracy: 0.40540540540540543
memory_fit: 299.875
time_fit: 0.08015155792236328
memory_predict: 5539.5546875
time_predict: 2126.0632700920105