precision: 0.4138500532378084
recall: 0.4116365700576227
f1: 0.41274034399951226
accuracy: 0.3783783783783784
memory_fit: 299.86328125
time_fit: 0.08356285095214844
memory_predict: 5534.92578125
time_predict: 2006.851066827774