precision: 0.48901246311922153
recall: 0.3808587708587709
f1: 0.4282120809685695
accuracy: 0.40540540540540543
memory_fit: 299.72265625
time_fit: 0.0899960994720459
memory_predict: 5536.91796875
time_predict: 398.37135434150696