precision: 0.5221824152858635
recall: 0.40786410470620993
f1: 0.45799744147359467
accuracy: 0.444015444015444
memory_fit: 300.1796875
time_fit: 0.0818631649017334
memory_predict: 5535.6015625
time_predict: 446.42634987831116