precision: 0.5160864345738295
recall: 0.402583809952231
f1: 0.4523234410462092
accuracy: 0.4362934362934363
memory_fit: 300.18359375
time_fit: 0.08985376358032227
memory_predict: 5529.234375
time_predict: 469.1762218475342