precision: 0.47418430793212296
recall: 0.4139018486386907
f1: 0.44199711975335615
accuracy: 0.43243243243243246
memory_fit: 299.69921875
time_fit: 0.07409429550170898
memory_predict: 5540.58203125
time_predict: 410.8566269874573