precision: 0.39551450349379375
recall: 0.36620739883897774
f1: 0.3802971585403513
accuracy: 0.3938223938223938
memory_fit: 299.54296875
time_fit: 0.09734058380126953
memory_predict: 5534.921875
time_predict: 505.5764710903168