precision: 0.4138500532378084
recall: 0.4116365700576227
f1: 0.41274034399951226
accuracy: 0.3783783783783784
memory_fit: 299.80859375
time_fit: 0.09108805656433105
memory_predict: 5522.30078125
time_predict: 1838.1215660572052