precision: 0.40225275108996045
recall: 0.40233725338988496
f1: 0.40229499780248335
accuracy: 0.40540540540540543
memory_fit: 299.76953125
time_fit: 0.08451294898986816
memory_predict: 5509.375
time_predict: 1924.496422290802