precision: 0.4202840899455306
recall: 0.4349688323372534
f1: 0.4275003922011447
accuracy: 0.42084942084942084
memory_fit: 299.203125
time_fit: 0.0807952880859375
memory_predict: 5512.45703125
time_predict: 1893.5887622833252