precision: 0.36091234162662733
recall: 0.3636201615148984
f1: 0.36226119155722614
accuracy: 0.3745173745173745
memory_fit: 299.0390625
time_fit: 0.07950019836425781
memory_predict: 5510.23046875
time_predict: 2615.613922357559