precision: 0.41273430535311223
recall: 0.4081175160122529
f1: 0.4104129273748169
accuracy: 0.39768339768339767
memory_fit: 299.82421875
time_fit: 0.10162925720214844
memory_predict: 5507.453125
time_predict: 1861.913364648819