precision: 0.44030211168142197
recall: 0.4378396846817899
f1: 0.43906744569434614
accuracy: 0.44787644787644787
memory_fit: 299.046875
time_fit: 0.07082056999206543
memory_predict: 5531.2890625
time_predict: 419.26271295547485