precision: 0.4267826681140137
recall: 0.42601867917657393
f1: 0.42640033143248046
accuracy: 0.416988416988417
memory_fit: 298.94921875
time_fit: 0.06310081481933594
memory_predict: 5522.7421875
time_predict: 489.19989943504333