precision: 0.4370717349504166
recall: 0.41632093053145675
f1: 0.42644404800645824
accuracy: 0.4092664092664093
memory_fit: 299.72265625
time_fit: 0.07875585556030273
memory_predict: 5542.59375
time_predict: 410.39638352394104