precision: 0.488107588947925
recall: 0.4528912023648866
f1: 0.46984041825100675
accuracy: 0.4555984555984556
memory_fit: 300.11328125
time_fit: 0.07022333145141602
memory_predict: 5542.6171875
time_predict: 415.3140709400177