precision: 0.4391703343777077
recall: 0.42268406057879737
f1: 0.43076951584121315
accuracy: 0.43243243243243246
memory_fit: 300.18359375
time_fit: 0.08282780647277832
memory_predict: 5541.67578125
time_predict: 448.71569633483887