precision: 0.4138500532378084
recall: 0.4116365700576227
f1: 0.41274034399951226
accuracy: 0.3783783783783784
memory_fit: 299.81640625
time_fit: 0.08310151100158691
memory_predict: 5512.21875
time_predict: 1641.1692280769348