precision: 0.41273430535311223
recall: 0.4081175160122529
f1: 0.4104129273748169
accuracy: 0.39768339768339767
memory_fit: 299.8515625
time_fit: 0.08908843994140625
memory_predict: 5519.88671875
time_predict: 1630.6597666740417