precision: 0.4202840899455306
recall: 0.4349688323372534
f1: 0.4275003922011447
accuracy: 0.42084942084942084
memory_fit: 299.30078125
time_fit: 0.07546377182006836
memory_predict: 5522.14453125
time_predict: 1718.8109698295593