precision: 0.36091234162662733
recall: 0.3636201615148984
f1: 0.36226119155722614
accuracy: 0.3745173745173745
memory_fit: 299.16015625
time_fit: 0.0711660385131836
memory_predict: 5502.609375
time_predict: 2727.6936962604523