precision: 0.40225275108996045
recall: 0.40233725338988496
f1: 0.40229499780248335
accuracy: 0.40540540540540543
memory_fit: 299.7890625
time_fit: 0.08453822135925293
memory_predict: 5512.58203125
time_predict: 1734.2008352279663