precision: 0.4803920489024867
recall: 0.4150960261705661
f1: 0.42359818958289236
accuracy: 0.4307692307692308
memory_fit: 299.7109375
time_fit: 0.13264179229736328
memory_predict: 5539.17578125
time_predict: 376.5372018814087