precision: 0.44546914753355377
recall: 0.40450043746588804
f1: 0.41585565000591124
accuracy: 0.40512820512820513
memory_fit: 300.359375
time_fit: 0.18011045455932617
memory_predict: 5544.43359375
time_predict: 375.3970351219177