precision: 0.44859171449055585
recall: 0.4159816272490229
f1: 0.4199066274414706
accuracy: 0.441025641025641
memory_fit: 299.265625
time_fit: 0.1356067657470703
memory_predict: 5553.06640625
time_predict: 368.1202256679535