precision: 0.49939578758697883
recall: 0.4273237079409487
f1: 0.43362716481180635
accuracy: 0.4564102564102564
memory_fit: 293.7265625
time_fit: 0.1398770809173584
memory_predict: 5481.25390625
time_predict: 429.45586252212524