precision: 0.5363586392711864
recall: 0.5012353941984792
f1: 0.5037603601441957
accuracy: 0.5076923076923077
memory_fit: 300.12109375
time_fit: 0.12454628944396973
memory_predict: 5537.2734375
time_predict: 375.77629351615906