epochs: 213
precision: 0.5489016143557295
recall: 0.5207300302037144
f1: 0.5344448356145132
accuracy: 0.5212355212355212
memory_fit: 3717.58203125
time_fit: 644.7093579769135
memory_predict: 3717.55859375
time_predict: 1.329737663269043