epochs: 92
precision: 0.4243762123687228
recall: 0.4283865647023541
f1: 0.42637195864115734
accuracy: 0.4092664092664093
memory_fit: 3653.703125
time_fit: 360.7168264389038
memory_predict: 3170.04296875
time_predict: 1.359344244003296