epochs: 106
precision: 0.4701795913877843
recall: 0.4738221622432149
f1: 0.47199384911539954
accuracy: 0.44787644787644787
memory_fit: 1311.75
time_fit: 188.37093782424927
memory_predict: 1316.5078125
time_predict: 0.914945125579834