epochs: 189
precision: 0.5237423870964243
recall: 0.506124499282394
f1: 0.5147827489709945
accuracy: 0.5096525096525096
memory_fit: 3188.828125
time_fit: 559.8534049987793
memory_predict: 3188.8046875
time_predict: 1.3638317584991455