epochs: 291
precision: 0.5714204820684254
recall: 0.5728944155259945
f1: 0.572156499548082
accuracy: 0.5907335907335908
memory_fit: 2001.6484375
time_fit: 1472.0953364372253
memory_predict: 1411.015625
time_predict: 1.2721796035766602