epochs: 171
precision: 0.4935066510996061
recall: 0.46350106034316557
f1: 0.478033464800875
accuracy: 0.46332046332046334
memory_fit: 3110.3125
time_fit: 281.0265574455261
memory_predict: 3114.953125
time_predict: 1.0489156246185303