epochs: 371
precision: 0.5435549059639527
recall: 0.5007758713021871
f1: 0.5212892075195614
accuracy: 0.5444015444015444
memory_fit: 4010.8828125
time_fit: 1898.0225727558136
memory_predict: 3705.41015625
time_predict: 1.9595942497253418