epochs: 333
precision: 0.5966668416014581
recall: 0.5906754064648801
f1: 0.5936560073744912
accuracy: 0.5945945945945946
memory_fit: 1796.00390625
time_fit: 1028.3121433258057
memory_predict: 1498.5625
time_predict: 1.285874605178833