epochs: 203
precision: 0.48372334822563656
recall: 0.45896921791658635
f1: 0.471021274160802
accuracy: 0.4749034749034749
memory_fit: 3926.171875
time_fit: 661.6916627883911
memory_predict: 3926.1484375
time_predict: 1.7425625324249268