epochs: 144
precision: 0.4550949604473821
recall: 0.4556943641154167
f1: 0.4553944650432744
accuracy: 0.444015444015444
memory_fit: 3815.16796875
time_fit: 275.3630518913269
memory_predict: 3820.73046875
time_predict: 1.3676867485046387