epochs: 173
precision: 0.5065583973304064
recall: 0.4941790373369321
f1: 0.500292149520505
accuracy: 0.4826254826254826
memory_fit: 3480.1015625
time_fit: 242.11451482772827
memory_predict: 3484.71484375
time_predict: 1.0184979438781738