epochs: 266
precision: 0.5255223096173857
recall: 0.5047182057708374
f1: 0.5149102044442183
accuracy: 0.5096525096525096
memory_fit: 3668.734375
time_fit: 470.8638277053833
memory_predict: 3668.7109375
time_predict: 1.2149162292480469