epochs: 248
precision: 0.5635751067428086
recall: 0.5315444594391963
f1: 0.5470913582731238
accuracy: 0.5405405405405406
memory_fit: 3576.71484375
time_fit: 595.9883506298065
memory_predict: 3576.8359375
time_predict: 1.1387288570404053