epochs: 229
precision: 0.5202301048338954
recall: 0.5232956322430007
f1: 0.5217583657945472
accuracy: 0.528957528957529
memory_fit: 3375.53515625
time_fit: 1048.3962740898132
memory_predict: 3016.2265625
time_predict: 1.4917857646942139