epochs: 124
precision: 0.5600655487459362
recall: 0.5675481438639334
f1: 0.5637820198816361
accuracy: 0.5868725868725869
memory_fit: 3469.7734375
time_fit: 1799.2210311889648
memory_predict: 2312.44921875
time_predict: 4.249054431915283