epochs: 111
precision: 0.5002775626838595
recall: 0.48557290662553815
f1: 0.49281556948917676
accuracy: 0.49034749034749037
memory_fit: 3716.87890625
time_fit: 444.5596966743469
memory_predict: 3696.26171875
time_predict: 2.0051181316375732