epochs: 126
precision: 0.49851932984944075
recall: 0.4996039243407665
f1: 0.49906103781657235
accuracy: 0.5135135135135135
memory_fit: 4562.00390625
time_fit: 1868.5695102214813
memory_predict: 3696.75
time_predict: 3.226163864135742