epochs: 99
precision: 0.469452781112445
recall: 0.46346293083135187
f1: 0.4664386268465174
accuracy: 0.49034749034749037
memory_fit: 4064.43359375
time_fit: 834.1529567241669
memory_predict: 3701.0390625
time_predict: 3.2528023719787598