epochs: 135
precision: 0.4663383614691284
recall: 0.4665539918171497
f1: 0.4664461517225537
accuracy: 0.46332046332046334
memory_fit: 3250.546875
time_fit: 508.1841711997986
memory_predict: 3232.94921875
time_predict: 1.9060707092285156