epochs: 88
precision: 0.5200167300221128
recall: 0.5290514748409485
f1: 0.5244951980907246
accuracy: 0.5212355212355212
memory_fit: 2472.0390625
time_fit: 732.4248025417328
memory_predict: 1885.98046875
time_predict: 2.3994181156158447