epochs: 166
precision: 0.5073735788021503
recall: 0.5135805325279009
f1: 0.5104581878853057
accuracy: 0.5173745173745173
memory_fit: 3775.0234375
time_fit: 1100.6661055088043
memory_predict: 3238.0859375
time_predict: 2.220794916152954