epochs: 121
precision: 0.5589315026365967
recall: 0.5375554270291112
f1: 0.5480351009226173
accuracy: 0.5637065637065637
memory_fit: 3948.91796875
time_fit: 946.0264914035797
memory_predict: 3520.95703125
time_predict: 2.551564931869507