epochs: 123
precision: 0.4504906042630498
recall: 0.43538804275646376
f1: 0.4428105884031891
accuracy: 0.43243243243243246
memory_fit: 3922.74609375
time_fit: 590.9501993656158
memory_predict: 3896.99609375
time_predict: 2.0688164234161377