epochs: 97
precision: 0.5404620033992378
recall: 0.5247430542167384
f1: 0.5324865486210582
accuracy: 0.525096525096525
memory_fit: 4400.18359375
time_fit: 1374.7309982776642
memory_predict: 3620.60546875
time_predict: 3.1760880947113037