epochs: 109
precision: 0.5599196502422309
recall: 0.524667652036073
f1: 0.5417207588625613
accuracy: 0.5482625482625483
memory_fit: 3825.859375
time_fit: 1362.5262138843536
memory_predict: 2712.58203125
time_predict: 4.629979848861694