epochs: 126
precision: 0.5398152078476622
recall: 0.5436557204978258
f1: 0.54172865755845
accuracy: 0.5366795366795367
memory_fit: 4219.11328125
time_fit: 1562.2438044548035
memory_predict: 3355.6640625
time_predict: 2.830692768096924