epochs: 120
precision: 0.464260714637822
recall: 0.4710462052567315
f1: 0.4676288461643784
accuracy: 0.4555984555984556
memory_fit: 3605.19140625
time_fit: 376.8677110671997
memory_predict: 3588.99609375
time_predict: 1.7695579528808594