epochs: 170
precision: 0.532025465662046
recall: 0.5371799156009682
f1: 0.5345902662859892
accuracy: 0.5173745173745173
memory_fit: 1992.78125
time_fit: 661.2903606891632
memory_predict: 1712.97265625
time_predict: 1.7486145496368408