epochs: 124
precision: 0.5161388828999715
recall: 0.51532549322023
f1: 0.5157318673496689
accuracy: 0.5328185328185329
memory_fit: 3483.34765625
time_fit: 960.5852153301239
memory_predict: 2954.86328125
time_predict: 2.382967710494995