epochs: 187
precision: 0.5358565648481615
recall: 0.5442992095623674
f1: 0.5400448927745263
accuracy: 0.5366795366795367
memory_fit: 4216.41015625
time_fit: 2154.60914683342
memory_predict: 3373.1171875
time_predict: 3.3091378211975098