epochs: 103
precision: 0.5547871609525745
recall: 0.5534164471006576
f1: 0.5541009563229765
accuracy: 0.5482625482625483
memory_fit: 5222.03515625
time_fit: 2531.7200655937195
memory_predict: 3572.890625
time_predict: 5.090553522109985