epochs: 78
precision: 0.4727934373459436
recall: 0.4805299573720626
f1: 0.47663030520894883
accuracy: 0.4594594594594595
memory_fit: 3982.46875
time_fit: 454.34835171699524
memory_predict: 3848.05859375
time_predict: 2.5533816814422607