epochs: 105
precision: 0.43409975963777964
recall: 0.42156073945547634
f1: 0.42773837489114325
accuracy: 0.4092664092664093
memory_fit: 3811.75390625
time_fit: 511.44431710243225
memory_predict: 3577.73828125
time_predict: 2.405569553375244