epochs: 158
precision: 0.539945068674454
recall: 0.5204701925754558
f1: 0.5300287993628395
accuracy: 0.528957528957529
memory_fit: 4569.6484375
time_fit: 1879.6089000701904
memory_predict: 3606.95703125
time_predict: 3.212602138519287