epochs: 93
precision: 0.4035175874849788
recall: 0.41030246556562344
f1: 0.406881743509666
accuracy: 0.42084942084942084
memory_fit: 4172.5390625
time_fit: 515.1493973731995
memory_predict: 3960.83203125
time_predict: 2.4864211082458496