epochs: 131
precision: 0.5485590641856658
recall: 0.5321226142278774
f1: 0.5402158454678143
accuracy: 0.5521235521235521
memory_fit: 3707.7109375
time_fit: 1691.3636724948883
memory_predict: 3035.98828125
time_predict: 3.318232536315918