epochs: 157
precision: 0.5591153456906847
recall: 0.5455015744489428
f1: 0.552224569100898
accuracy: 0.5521235521235521
memory_fit: 4750.31640625
time_fit: 3670.1972064971924
memory_predict: 2935.828125
time_predict: 4.862595796585083