epochs: 136
precision: 0.5105711338469959
recall: 0.48490371227213336
f1: 0.49740651739536323
accuracy: 0.5096525096525096
memory_fit: 5738.1953125
time_fit: 3210.2231390476227
memory_predict: 4369.94140625
time_predict: 4.584197998046875