epochs: 122
precision: 0.46816088049650734
recall: 0.4831752458068248
f1: 0.4755495818076706
accuracy: 0.47104247104247104
memory_fit: 3193.41015625
time_fit: 711.263923406601
memory_predict: 3194.28125
time_predict: 2.449310302734375