epochs: 166
precision: 0.508412299504325
recall: 0.5082518261465631
f1: 0.5083320501606426
accuracy: 0.5212355212355212
memory_fit: 4023.40234375
time_fit: 1823.5924866199493
memory_predict: 3033.640625
time_predict: 3.0866150856018066