epochs: 108
precision: 0.47912975296501586
recall: 0.46016815543131334
f1: 0.4694575654077626
accuracy: 0.4671814671814672
memory_fit: 3578.0234375
time_fit: 524.517076253891
memory_predict: 3382.26171875
time_predict: 2.36179780960083