epochs: 167
precision: 0.5545267111056584
recall: 0.5377531435426172
f1: 0.5460111358941784
accuracy: 0.5521235521235521
memory_fit: 5338.76953125
time_fit: 4279.975094795227
memory_predict: 3826.74609375
time_predict: 5.0317063331604