epochs: 129
precision: 0.5505889147521293
recall: 0.5288284814600603
f1: 0.5394893592022009
accuracy: 0.5482625482625483
memory_fit: 4938.875
time_fit: 2747.4802532196045
memory_predict: 3372.171875
time_predict: 4.356790065765381