epochs: 116
precision: 0.5349913596036343
recall: 0.521295760769445
f1: 0.5280547730453309
accuracy: 0.5405405405405406
memory_fit: 4296.83984375
time_fit: 1404.1562309265137
memory_predict: 3433.0078125
time_predict: 4.517145872116089