epochs: 117
precision: 0.5494918028233414
recall: 0.5501077542400069
f1: 0.5436515664363767
accuracy: 0.5487179487179488
memory_fit: 3556.33203125
time_fit: 1723.9738903045654
memory_predict: 2753.6640625
time_predict: 2.8579304218292236