epochs: 117
precision: 0.466642294670245
recall: 0.47280983384785985
f1: 0.4673988345013269
accuracy: 0.48717948717948717
memory_fit: 3169.46875
time_fit: 1671.805615901947
memory_predict: 2005.0
time_predict: 3.4668493270874023