epochs: 117
precision: 0.5475325844623563
recall: 0.5107529425478882
f1: 0.5228645924379768
accuracy: 0.5384615384615384
memory_fit: 3445.484375
time_fit: 1623.3583528995514
memory_predict: 2582.26171875
time_predict: 2.548854112625122