epochs: 117
precision: 0.5526744103260076
recall: 0.541921427893883
f1: 0.5433309004362684
accuracy: 0.558974358974359
memory_fit: 3685.22265625
time_fit: 1687.4643490314484
memory_predict: 2609.10546875
time_predict: 2.926349639892578