epochs: 117
precision: 0.5517961512882325
recall: 0.528327903989013
f1: 0.537647863812161
accuracy: 0.5538461538461539
memory_fit: 3454.58203125
time_fit: 1614.440690279007
memory_predict: 2540.9296875
time_predict: 2.567627429962158