accuracy: 0.37065637065637064
time_fit: 169.17449283599854
time_predict: 1.6584322452545166