accuracy: 0.3552123552123552
time_fit: 135.41379737854004
time_predict: 1.6269280910491943