accuracy: 0.33204633204633205
time_fit: 171.84893250465393
time_predict: 1.7359702587127686