accuracy: 0.38996138996138996
time_fit: 239.8927128314972
time_predict: 1.6321430206298828