accuracy: 0.3745173745173745
time_fit: 547.001314163208
time_predict: 1.5575754642486572