accuracy: 0.3938223938223938
time_fit: 77.04232382774353
time_predict: 0.26041388511657715