accuracy: 0.38996138996138996
time_fit: 87.39532470703125
time_predict: 0.2886819839477539