accuracy: 0.35135135135135137
time_fit: 72.59187173843384
time_predict: 0.33342647552490234