accuracy: 0.3745173745173745
time_fit: 66.1145532131195
time_predict: 0.3192174434661865