accuracy: 0.3281853281853282
time_fit: 56.43578839302063
time_predict: 0.2863340377807617