accuracy: 0.4247104247104247
time_fit: 43.77861022949219
time_predict: 0.2043015956878662