accuracy: 0.3474903474903475
time_fit: 60.049872159957886
time_predict: 0.20407485961914062