accuracy: 0.3359073359073359
time_fit: 40.48959565162659
time_predict: 0.286984920501709