accuracy: 0.3745173745173745
time_fit: 31.607770204544067
time_predict: 0.24579286575317383