accuracy: 0.3667953667953668
time_fit: 61.714624881744385
time_predict: 0.2262113094329834