accuracy: 0.30115830115830117
time_fit: 109.43019843101501
time_predict: 2.1578781604766846