accuracy: 0.35135135135135137
time_fit: 211.45799088478088
time_predict: 2.1546032428741455