accuracy: 0.33976833976833976
time_fit: 216.00797963142395
time_predict: 2.12394380569458