accuracy: 0.4015444015444015
time_fit: 221.45190715789795
time_predict: 2.041205406188965