accuracy: 0.3667953667953668
time_fit: 184.10807490348816
time_predict: 2.1684694290161133