accuracy: 0.3667953667953668
time_fit: 176.30034732818604
time_predict: 1.9435160160064697