accuracy: 0.37065637065637064
time_fit: 217.1318221092224
time_predict: 2.1200876235961914