accuracy: 0.3359073359073359
time_fit: 182.2648561000824
time_predict: 2.01950740814209