accuracy: 0.33204633204633205
time_fit: 162.71752190589905
time_predict: 2.040306568145752