accuracy: 0.3938223938223938
time_fit: 138.00592827796936
time_predict: 1.9063920974731445