accuracy: 0.3590733590733591
time_fit: 26.857503652572632
time_predict: 0.17607975006103516