accuracy: 0.3938223938223938
time_fit: 42.08338379859924
time_predict: 0.1814711093902588