accuracy: 0.41312741312741313
time_fit: 44.49798822402954
time_predict: 0.19354486465454102