accuracy: 0.41312741312741313
time_fit: 49.71129560470581
time_predict: 0.17817282676696777