accuracy: 0.3436293436293436
time_fit: 54.28022289276123
time_predict: 0.223052978515625