accuracy: 0.36293436293436293
time_fit: 85.41646695137024
time_predict: 0.5206000804901123