accuracy: 0.4362934362934363
time_fit: 99.87166857719421
time_predict: 0.4741086959838867