accuracy: 0.3552123552123552
time_fit: 76.26308155059814
time_predict: 0.4899754524230957