accuracy: 0.3590733590733591
time_fit: 76.46639800071716
time_predict: 0.5181889533996582