accuracy: 0.3667953667953668
time_fit: 57.599730014801025
time_predict: 0.47077155113220215