accuracy: 0.38996138996138996
time_fit: 104.67043375968933
time_predict: 1.0797843933105469