accuracy: 0.3745173745173745
time_fit: 109.25026226043701
time_predict: 1.1012451648712158