accuracy: 0.37065637065637064
time_fit: 118.80151557922363
time_predict: 0.9745283126831055