accuracy: 0.39768339768339767
time_fit: 88.71542358398438
time_predict: 1.0161898136138916