accuracy: 0.3552123552123552
time_fit: 105.20442748069763
time_predict: 1.052494764328003