accuracy: 0.3783783783783784
time_fit: 62.62172722816467
time_predict: 0.512138843536377