accuracy: 0.3204633204633205
time_fit: 80.47610330581665
time_predict: 0.5695805549621582