accuracy: 0.3590733590733591
time_fit: 77.95336389541626
time_predict: 0.48238444328308105