accuracy: 0.3938223938223938
time_fit: 117.56303453445435
time_predict: 0.6342530250549316