accuracy: 0.38996138996138996
time_fit: 74.22718715667725
time_predict: 0.45928359031677246