accuracy: 0.3745173745173745
time_fit: 105.44847273826599
time_predict: 1.4671411514282227