accuracy: 0.39768339768339767
time_fit: 115.66927886009216
time_predict: 1.22845458984375