accuracy: 0.3436293436293436
time_fit: 221.259925365448
time_predict: 1.4227981567382812