accuracy: 0.42084942084942084
time_fit: 150.4211781024933
time_predict: 1.379509687423706