accuracy: 0.38996138996138996
time_fit: 88.89468884468079
time_predict: 1.641646385192871